
   0      0      0      0      0      0      0      0      0      0      0      0      0      0      0      0      0      0      0      0      0      0      0      0      0      0      0      0      0      0      0      0      0      0      0      0      0      0      0      0      0      0      0      0      0      0      0      0      0      0      0      0   
   0   2.25   2.25    4.5    4.5    4.5    4.5    4.5    4.5    4.5    4.5    4.5    4.5    4.5    4.5    4.5    4.5    4.5    4.5    4.5    4.5    4.5    4.5    4.5    4.5    4.5    4.5    4.5    4.5    4.5    4.5    4.5    4.5    4.5    4.5    4.5    4.5    4.5    4.5    4.5    4.5    4.5    4.5    4.5    4.5    4.5    4.5    4.5    4.5    4.5    4.5    4.5   
   0   2.25    4.5    4.5      9      9      9      9      9      9      9      9      9      9      9      9      9      9      9      9      9      9      9      9      9      9      9      9      9      9      9      9      9      9      9      9      9      9      9      9      9      9      9      9      9      9      9      9      9      9      9      9   
   0    4.5    4.5    4.5    4.5      9      9      9      9      9      9      9      9      9      9      9      9      9      9      9      9      9      9      9      9      9      9      9      9      9      9      9      9      9      9      9      9      9      9      9      9      9      9      9      9      9      9      9      9      9      9      9   
   0      9    4.5    4.5    4.5    4.5      9      9      9      9      9      9      9      9      9      9      9      9      9      9      9      9      9      9      9      9      9      9      9      9      9      9      9      9      9      9      9      9      9      9      9      9      9      9      9      9      9      9      9      9      9      9   
   0      9      9    4.5    4.5    4.5    4.5      9      9      9      9      9      9      9      9      9      9      9      9      9      9      9      9      9      9      9      9      9      9      9      9      9      9      9      9      9      9      9      9      9      9      9      9      9      9      9      9      9      9      9      9      9   
   0      9      9      9    4.5    4.5    4.5    4.5      9      9      9      9      9      9      9      9      9      9      9      9      9      9      9      9      9      9      9      9      9      9      9      9      9      9      9      9      9      9      9      9      9      9      9      9      9      9      9      9      9      9      9      9   
   0      9      9      9      9    4.5    4.5    4.5    4.5      9      9      9      9      9      9      9      9      9      9      9      9      9      9      9      9      9      9      9      9      9      9      9      9      9      9      9      9      9      9      9      9      9      9      9      9      9      9      9      9      9      9      9   
   0      9      9      9      9      9    4.5    4.5    4.5    4.5      9      9      9      9      9      9      9      9      9      9      9      9      9      9      9      9      9      9      9      9      9      9      9      9      9      9      9      9      9      9      9      9      9      9      9      9      9      9      9      9      9      9   
   0      9      9      9      9      9      9    4.5    4.5    4.5    4.5      9      9      9      9      9      9      9      9      9      9      9      9      9      9      9      9      9      9      9      9      9      9      9      9      9      9      9      9      9      9      9      9      9      9      9      9      9      9      9      9      9   
   0      9      9      9      9      9      9      9    4.5    4.5    4.5    4.5      9      9      9      9      9      9      9      9      9      9      9      9      9      9      9      9      9      9      9      9      9      9      9      9      9      9      9      9      9      9      9      9      9      9      9      9      9      9      9      9   
   0      9      9      9      9      9      9      9      9    4.5    4.5    4.5    4.5      9      9      9      9      9      9      9      9      9      9      9      9      9      9      9      9      9      9      9      9      9      9      9      9      9      9      9      9      9      9      9      9      9      9      9      9      9      9      9   
   0      9      9      9      9      9      9      9      9      9    4.5    4.5    4.5    4.5      9      9      9      9      9      9      9      9      9      9      9      9      9      9      9      9      9      9      9      9      9      9      9      9      9      9      9      9      9      9      9      9      9      9      9      9      9      9   
   0      9      9      9      9      9      9      9      9      9      9    4.5    4.5    4.5    4.5      9      9      9      9      9      9      9      9      9      9      9      9      9      9      9      9      9      9      9      9      9      9      9      9      9      9      9      9      9      9      9      9      9      9      9      9      9   
   0      9      9      9      9      9      9      9      9      9      9      9    4.5    4.5    4.5    4.5      9      9      9      9      9      9      9      9      9      9      9      9      9      9      9      9      9      9      9      9      9      9      9      9      9      9      9      9      9      9      9      9      9      9      9      9   
   0      9      9      9      9      9      9      9      9      9      9      9      9    4.5    4.5    4.5    4.5      9      9      9      9      9      9      9      9      9      9      9      9      9      9      9      9      9      9      9      9      9      9      9      9      9      9      9      9      9      9      9      9      9      9      9   
   0      9      9      9      9      9      9      9      9      9      9      9      9      9    4.5    4.5    4.5    4.5      9      9      9      9      9      9      9      9      9      9      9      9      9      9      9      9      9      9      9      9      9      9      9      9      9      9      9      9      9      9      9      9      9      9   
   0      9      9      9      9      9      9      9      9      9      9      9      9      9      9    4.5    4.5    4.5    4.5      9      9      9      9      9      9      9      9      9      9      9      9      9      9      9      9      9      9      9      9      9      9      9      9      9      9      9      9      9      9      9      9      9   
   0      9      9      9      9      9      9      9      9      9      9      9      9      9      9      9    4.5    4.5    4.5    4.5      9      9      9      9      9      9      9      9      9      9      9      9      9      9      9      9      9      9      9      9      9      9      9      9      9      9      9      9      9      9      9      9   
   0      9      9      9      9      9      9      9      9      9      9      9      9      9      9      9      9    4.5    4.5    4.5    4.5      9      9      9      9      9      9      9      9      9      9      9      9      9      9      9      9      9      9      9      9      9      9      9      9      9      9      9      9      9      9      9   
   0      9      9      9      9      9      9      9      9      9      9      9      9      9      9      9      9      9    4.5    4.5    4.5    4.5      9      9      9      9      9      9      9      9      9      9      9      9      9      9      9      9      9      9      9      9      9      9      9      9      9      9      9      9      9      9   
   0      9      9      9      9      9      9      9      9      9      9      9      9      9      9      9      9      9      9    4.5    4.5    4.5    4.5      9      9      9      9      9      9      9      9      9      9      9      9      9      9      9      9      9      9      9      9      9      9      9      9      9      9      9      9      9   
   0      9      9      9      9      9      9      9      9      9      9      9      9      9      9      9      9      9      9      9    4.5    4.5    4.5    4.5      9      9      9      9      9      9      9      9      9      9      9      9      9      9      9      9      9      9      9      9      9      9      9      9      9      9      9      9   
   0      9      9      9      9      9      9      9      9      9      9      9      9      9      9      9      9      9      9      9      9    4.5    4.5    4.5    4.5      9      9      9      9      9      9      9      9      9      9      9      9      9      9      9      9      9      9      9      9      9      9      9      9      9      9      9   
   0      9      9      9      9      9      9      9      9      9      9      9      9      9      9      9      9      9      9      9      9      9    4.5    4.5    4.5    4.5      9      9      9      9      9      9      9      9      9      9      9      9      9      9      9      9      9      9      9      9      9      9      9      9      9      9   
   0      9      9      9      9      9      9      9      9      9      9      9      9      9      9      9      9      9      9      9      9      9      9    4.5    4.5    4.5    4.5      9      9      9      9      9      9      9      9      9      9      9      9      9      9      9      9      9      9      9      9      9      9      9      9      9   
   0      9      9      9      9      9      9      9      9      9      9      9      9      9      9      9      9      9      9      9      9      9      9      9    4.5    4.5    4.5    4.5      9      9      9      9      9      9      9      9      9      9      9      9      9      9      9      9      9      9      9      9      9      9      9      9   
   0      9      9      9      9      9      9      9      9      9      9      9      9      9      9      9      9      9      9      9      9      9      9      9      9    4.5    4.5    4.5    4.5      9      9      9      9      9      9      9      9      9      9      9      9      9      9      9      9      9      9      9      9      9      9      9   
   0      9      9      9      9      9      9      9      9      9      9      9      9      9      9      9      9      9      9      9      9      9      9      9      9      9    4.5    4.5    4.5    4.5      9      9      9      9      9      9      9      9      9      9      9      9      9      9      9      9      9      9      9      9      9      9   
   0      9      9      9      9      9      9      9      9      9      9      9      9      9      9      9      9      9      9      9      9      9      9      9      9      9      9    4.5    4.5    4.5    4.5      9      9      9      9      9      9      9      9      9      9      9      9      9      9      9      9      9      9      9      9      9   
   0      9      9      9      9      9      9      9      9      9      9      9      9      9      9      9      9      9      9      9      9      9      9      9      9      9      9      9    4.5    4.5    4.5    4.5      9      9      9      9      9      9      9      9      9      9      9      9      9      9      9      9      9      9      9      9   
   0      9      9      9      9      9      9      9      9      9      9      9      9      9      9      9      9      9      9      9      9      9      9      9      9      9      9      9      9    4.5    4.5    4.5    4.5      9      9      9      9      9      9      9      9      9      9      9      9      9      9      9      9      9      9      9   
   0      9      9      9      9      9      9      9      9      9      9      9      9      9      9      9      9      9      9      9      9      9      9      9      9      9      9      9      9      9    4.5    4.5    4.5    4.5      9      9      9      9      9      9      9      9      9      9      9      9      9      9      9      9      9      9   
   0      9      9      9      9      9      9      9      9      9      9      9      9      9      9      9      9      9      9      9      9      9      9      9      9      9      9      9      9      9      9    4.5    4.5    4.5    4.5      9      9      9      9      9      9      9      9      9      9      9      9      9      9      9      9      9   
   0      9      9      9      9      9      9      9      9      9      9      9      9      9      9      9      9      9      9      9      9      9      9      9      9      9      9      9      9      9      9      9    4.5    4.5    4.5    4.5      9      9      9      9      9      9      9      9      9      9      9      9      9      9      9      9   
   0      9      9      9      9      9      9      9      9      9      9      9      9      9      9      9      9      9      9      9      9      9      9      9      9      9      9      9      9      9      9      9      9    4.5    4.5    4.5    4.5      9      9      9      9      9      9      9      9      9      9      9      9      9      9      9   
   0      9      9      9      9      9      9      9      9      9      9      9      9      9      9      9      9      9      9      9      9      9      9      9      9      9      9      9      9      9      9      9      9      9    4.5    4.5    4.5    4.5      9      9      9      9      9      9      9      9      9      9      9      9      9      9   
   0      9      9      9      9      9      9      9      9      9      9      9      9      9      9      9      9      9      9      9      9      9      9      9      9      9      9      9      9      9      9      9      9      9      9    4.5    4.5    4.5    4.5      9      9      9      9      9      9      9      9      9      9      9      9      9   
   0      9      9      9      9      9      9      9      9      9      9      9      9      9      9      9      9      9      9      9      9      9      9      9      9      9      9      9      9      9      9      9      9      9      9      9    4.5    4.5    4.5    4.5      9      9      9      9      9      9      9      9      9      9      9      9   
   0      9      9      9      9      9      9      9      9      9      9      9      9      9      9      9      9      9      9      9      9      9      9      9      9      9      9      9      9      9      9      9      9      9      9      9      9    4.5    4.5    4.5    4.5      9      9      9      9      9      9      9      9      9      9      9   
   0      9      9      9      9      9      9      9      9      9      9      9      9      9      9      9      9      9      9      9      9      9      9      9      9      9      9      9      9      9      9      9      9      9      9      9      9      9    4.5    4.5    4.5    4.5      9      9      9      9      9      9      9      9      9      9   
   0      9      9      9      9      9      9      9      9      9      9      9      9      9      9      9      9      9      9      9      9      9      9      9      9      9      9      9      9      9      9      9      9      9      9      9      9      9      9    4.5    4.5    4.5    4.5      9      9      9      9      9      9      9      9      9   
   0      9      9      9      9      9      9      9      9      9      9      9      9      9      9      9      9      9      9      9      9      9      9      9      9      9      9      9      9      9      9      9      9      9      9      9      9      9      9      9    4.5    4.5    4.5    4.5      9      9      9      9      9      9      9      9   
   0      9      9      9      9      9      9      9      9      9      9      9      9      9      9      9      9      9      9      9      9      9      9      9      9      9      9      9      9      9      9      9      9      9      9      9      9      9      9      9      9    4.5    4.5    4.5    4.5      9      9      9      9      9      9      9   
   0      9      9      9      9      9      9      9      9      9      9      9      9      9      9      9      9      9      9      9      9      9      9      9      9      9      9      9      9      9      9      9      9      9      9      9      9      9      9      9      9      9    4.5    4.5    4.5    4.5      9      9      9      9      9      9   
   0      9      9      9      9      9      9      9      9      9      9      9      9      9      9      9      9      9      9      9      9      9      9      9      9      9      9      9      9      9      9      9      9      9      9      9      9      9      9      9      9      9      9    4.5    4.5    4.5    4.5      9      9      9      9      9   
   0      9      9      9      9      9      9      9      9      9      9      9      9      9      9      9      9      9      9      9      9      9      9      9      9      9      9      9      9      9      9      9      9      9      9      9      9      9      9      9      9      9      9      9    4.5    4.5    4.5    4.5      9      9      9      9   
   0      9      9      9      9      9      9      9      9      9      9      9      9      9      9      9      9      9      9      9      9      9      9      9      9      9      9      9      9      9      9      9      9      9      9      9      9      9      9      9      9      9      9      9      9    4.5    4.5    4.5    4.5      9      9      9   
   0      9      9      9      9      9      9      9      9      9      9      9      9      9      9      9      9      9      9      9      9      9      9      9      9      9      9      9      9      9      9      9      9      9      9      9      9      9      9      9      9      9      9      9      9      9    4.5    4.5    4.5    4.5      9      9   
   0      9      9      9      9      9      9      9      9      9      9      9      9      9      9      9      9      9      9      9      9      9      9      9      9      9      9      9      9      9      9      9      9      9      9      9      9      9      9      9      9      9      9      9      9      9      9    4.5    4.5    4.5    4.5      9   
   0      9      9      9      9      9      9      9      9      9      9      9      9      9      9      9      9      9      9      9      9      9      9      9      9      9      9      9      9      9      9      9      9      9      9      9      9      9      9      9      9      9      9      9      9      9      9      9    4.5    4.5    4.5    4.5   
   0      9      9      9      9      9      9      9      9      9      9      9      9      9      9      9      9      9      9      9      9      9      9      9      9      9      9      9      9      9      9      9      9      9      9      9      9      9      9      9      9      9      9      9      9      9      9      9      9    4.5    4.5   2.25   