x position        y position        field value
    0.51        0.01        9.98605
    0.52        0.01        9.95857
    0.53        0.01        9.9316
    0.54        0.01        9.90531
    0.55        0.01        9.87974
    0.56        0.01        9.85491
    0.57        0.01        9.83081
    0.58        0.01        9.80746
    0.59        0.01        9.78483
    0.6        0.01        9.76293
    0.61        0.01        9.74175
    0.62        0.01        9.72128
    0.63        0.01        9.7015
    0.64        0.01        9.68241
    0.65        0.01        9.66399
    0.66        0.01        9.64624
    0.67        0.01        9.62915
    0.68        0.01        9.61269
    0.69        0.01        9.59687
    0.7        0.01        9.58168
    0.71        0.01        9.56709
    0.72        0.01        9.55311
    0.73        0.01        9.53972
    0.74        0.01        9.52691
    0.75        0.01        9.51467
    0.76        0.01        9.503
    0.77        0.01        9.49188
    0.78        0.01        9.48131
    0.79        0.01        9.47128
    0.8        0.01        9.46178
    0.81        0.01        9.45279
    0.82        0.01        9.44433
    0.83        0.01        9.43637
    0.84        0.01        9.42891
    0.85        0.01        9.42195
    0.86        0.01        9.41548
    0.87        0.01        9.40949
    0.88        0.01        9.40398
    0.89        0.01        9.39894
    0.9        0.01        9.39437
    0.91        0.01        9.39026
    0.92        0.01        9.38661
    0.93        0.01        9.38342
    0.94        0.01        9.38067
    0.95        0.01        9.37837
    0.96        0.01        9.37651
    0.97        0.01        9.37508
    0.98        0.01        9.37406
    0.99        0.01        9.37338
    1        0.01        9.37308
    0.51        0.02        9.98614
    0.52        0.02        9.95877
    0.53        0.02        9.93192
    0.54        0.02        9.90559
    0.55        0.02        9.88
    0.56        0.02        9.85515
    0.57        0.02        9.83105
    0.58        0.02        9.80768
    0.59        0.02        9.78505
    0.6        0.02        9.76315
    0.61        0.02        9.74196
    0.62        0.02        9.72148
    0.63        0.02        9.70169
    0.64        0.02        9.68259
    0.65        0.02        9.66417
    0.66        0.02        9.64642
    0.67        0.02        9.62931
    0.68        0.02        9.61285
    0.69        0.02        9.59703
    0.7        0.02        9.58182
    0.71        0.02        9.56723
    0.72        0.02        9.55324
    0.73        0.02        9.53984
    0.74        0.02        9.52702
    0.75        0.02        9.51478
    0.76        0.02        9.5031
    0.77        0.02        9.49197
    0.78        0.02        9.48139
    0.79        0.02        9.47135
    0.8        0.02        9.46183
    0.81        0.02        9.45284
    0.82        0.02        9.44436
    0.83        0.02        9.43639
    0.84        0.02        9.42893
    0.85        0.02        9.42195
    0.86        0.02        9.41547
    0.87        0.02        9.40946
    0.88        0.02        9.40394
    0.89        0.02        9.39889
    0.9        0.02        9.3943
    0.91        0.02        9.39018
    0.92        0.02        9.38652
    0.93        0.02        9.38331
    0.94        0.02        9.38055
    0.95        0.02        9.37824
    0.96        0.02        9.37637
    0.97        0.02        9.37493
    0.98        0.02        9.37391
    0.99        0.02        9.37332
    1        0.02        9.37317
    0.51        0.03        9.98612
    0.52        0.03        9.95888
    0.53        0.03        9.93219
    0.54        0.03        9.90604
    0.55        0.03        9.88042
    0.56        0.03        9.85556
    0.57        0.03        9.83144
    0.58        0.03        9.80808
    0.59        0.03        9.78545
    0.6        0.03        9.76354
    0.61        0.03        9.74236
    0.62        0.03        9.72188
    0.63        0.03        9.7021
    0.64        0.03        9.68301
    0.65        0.03        9.66459
    0.66        0.03        9.64684
    0.67        0.03        9.62974
    0.68        0.03        9.61328
    0.69        0.03        9.59746
    0.7        0.03        9.58226
    0.71        0.03        9.56767
    0.72        0.03        9.55368
    0.73        0.03        9.54028
    0.74        0.03        9.52747
    0.75        0.03        9.51522
    0.76        0.03        9.50354
    0.77        0.03        9.49241
    0.78        0.03        9.48183
    0.79        0.03        9.47179
    0.8        0.03        9.46227
    0.81        0.03        9.45327
    0.82        0.03        9.44479
    0.83        0.03        9.43682
    0.84        0.03        9.42934
    0.85        0.03        9.42236
    0.86        0.03        9.41587
    0.87        0.03        9.40986
    0.88        0.03        9.40433
    0.89        0.03        9.39927
    0.9        0.03        9.39468
    0.91        0.03        9.39054
    0.92        0.03        9.38687
    0.93        0.03        9.38365
    0.94        0.03        9.38089
    0.95        0.03        9.37857
    0.96        0.03        9.37669
    0.97        0.03        9.37525
    0.98        0.03        9.37425
    0.99        0.03        9.3737
    1        0.03        9.37363
    0.51        0.04        9.98602
    0.52        0.04        9.95889
    0.53        0.04        9.93236
    0.54        0.04        9.90639
    0.55        0.04        9.88098
    0.56        0.04        9.85611
    0.57        0.04        9.832
    0.58        0.04        9.80863
    0.59        0.04        9.78601
    0.6        0.04        9.76412
    0.61        0.04        9.74295
    0.62        0.04        9.72248
    0.63        0.04        9.70272
    0.64        0.04        9.68364
    0.65        0.04        9.66524
    0.66        0.04        9.6475
    0.67        0.04        9.63042
    0.68        0.04        9.61398
    0.69        0.04        9.59817
    0.7        0.04        9.58298
    0.71        0.04        9.5684
    0.72        0.04        9.55443
    0.73        0.04        9.54104
    0.74        0.04        9.52824
    0.75        0.04        9.516
    0.76        0.04        9.50433
    0.77        0.04        9.49321
    0.78        0.04        9.48263
    0.79        0.04        9.4726
    0.8        0.04        9.46308
    0.81        0.04        9.45409
    0.82        0.04        9.44561
    0.83        0.04        9.43764
    0.84        0.04        9.43017
    0.85        0.04        9.42319
    0.86        0.04        9.4167
    0.87        0.04        9.41068
    0.88        0.04        9.40515
    0.89        0.04        9.40008
    0.9        0.04        9.39549
    0.91        0.04        9.39135
    0.92        0.04        9.38767
    0.93        0.04        9.38445
    0.94        0.04        9.38167
    0.95        0.04        9.37935
    0.96        0.04        9.37747
    0.97        0.04        9.37603
    0.98        0.04        9.37504
    0.99        0.04        9.37451
    1        0.04        9.37444
    0.51        0.05        9.98597
    0.52        0.05        9.95877
    0.53        0.05        9.93242
    0.54        0.05        9.90665
    0.55        0.05        9.88145
    0.56        0.05        9.8568
    0.57        0.05        9.8327
    0.58        0.05        9.80935
    0.59        0.05        9.78675
    0.6        0.05        9.76488
    0.61        0.05        9.74373
    0.62        0.05        9.72329
    0.63        0.05        9.70355
    0.64        0.05        9.6845
    0.65        0.05        9.66612
    0.66        0.05        9.64841
    0.67        0.05        9.63136
    0.68        0.05        9.61494
    0.69        0.05        9.59916
    0.7        0.05        9.58399
    0.71        0.05        9.56944
    0.72        0.05        9.55549
    0.73        0.05        9.54212
    0.74        0.05        9.52934
    0.75        0.05        9.51712
    0.76        0.05        9.50547
    0.77        0.05        9.49436
    0.78        0.05        9.4838
    0.79        0.05        9.47378
    0.8        0.05        9.46428
    0.81        0.05        9.4553
    0.82        0.05        9.44683
    0.83        0.05        9.43887
    0.84        0.05        9.4314
    0.85        0.05        9.42443
    0.86        0.05        9.41794
    0.87        0.05        9.41193
    0.88        0.05        9.4064
    0.89        0.05        9.40133
    0.9        0.05        9.39674
    0.91        0.05        9.3926
    0.92        0.05        9.38892
    0.93        0.05        9.38569
    0.94        0.05        9.38291
    0.95        0.05        9.38059
    0.96        0.05        9.3787
    0.97        0.05        9.37727
    0.98        0.05        9.37628
    0.99        0.05        9.37575
    1        0.05        9.37567
    0.51        0.06        9.98594
    0.52        0.06        9.95871
    0.53        0.06        9.93233
    0.54        0.06        9.90678
    0.55        0.06        9.88181
    0.56        0.06        9.8574
    0.57        0.06        9.83354
    0.58        0.06        9.81022
    0.59        0.06        9.78765
    0.6        0.06        9.76581
    0.61        0.06        9.7447
    0.62        0.06        9.7243
    0.63        0.06        9.7046
    0.64        0.06        9.68558
    0.65        0.06        9.66725
    0.66        0.06        9.64957
    0.67        0.06        9.63255
    0.68        0.06        9.61617
    0.69        0.06        9.60043
    0.7        0.06        9.5853
    0.71        0.06        9.57078
    0.72        0.06        9.55686
    0.73        0.06        9.54352
    0.74        0.06        9.53077
    0.75        0.06        9.51858
    0.76        0.06        9.50695
    0.77        0.06        9.49587
    0.78        0.06        9.48534
    0.79        0.06        9.47533
    0.8        0.06        9.46585
    0.81        0.06        9.45689
    0.82        0.06        9.44844
    0.83        0.06        9.44049
    0.84        0.06        9.43304
    0.85        0.06        9.42608
    0.86        0.06        9.4196
    0.87        0.06        9.4136
    0.88        0.06        9.40808
    0.89        0.06        9.40302
    0.9        0.06        9.39842
    0.91        0.06        9.39429
    0.92        0.06        9.39061
    0.93        0.06        9.38738
    0.94        0.06        9.38461
    0.95        0.06        9.38228
    0.96        0.06        9.38039
    0.97        0.06        9.37896
    0.98        0.06        9.37797
    0.99        0.06        9.37743
    1        0.06        9.37734
    0.51        0.07        9.98594
    0.52        0.07        9.9587
    0.53        0.07        9.93233
    0.54        0.07        9.90679
    0.55        0.07        9.88206
    0.56        0.07        9.8579
    0.57        0.07        9.83431
    0.58        0.07        9.81125
    0.59        0.07        9.78872
    0.6        0.07        9.76693
    0.61        0.07        9.74586
    0.62        0.07        9.72551
    0.63        0.07        9.70586
    0.64        0.07        9.68689
    0.65        0.07        9.6686
    0.66        0.07        9.65098
    0.67        0.07        9.63401
    0.68        0.07        9.61768
    0.69        0.07        9.60197
    0.7        0.07        9.58689
    0.71        0.07        9.57242
    0.72        0.07        9.55854
    0.73        0.07        9.54524
    0.74        0.07        9.53253
    0.75        0.07        9.52038
    0.76        0.07        9.50879
    0.77        0.07        9.49774
    0.78        0.07        9.48724
    0.79        0.07        9.47726
    0.8        0.07        9.46781
    0.81        0.07        9.45888
    0.82        0.07        9.45045
    0.83        0.07        9.44253
    0.84        0.07        9.43509
    0.85        0.07        9.42815
    0.86        0.07        9.42169
    0.87        0.07        9.4157
    0.88        0.07        9.41019
    0.89        0.07        9.40514
    0.9        0.07        9.40055
    0.91        0.07        9.39642
    0.92        0.07        9.39275
    0.93        0.07        9.38953
    0.94        0.07        9.38675
    0.95        0.07        9.38442
    0.96        0.07        9.38254
    0.97        0.07        9.3811
    0.98        0.07        9.3801
    0.99        0.07        9.37956
    1        0.07        9.37945
    0.51        0.08        9.98595
    0.52        0.08        9.95873
    0.53        0.08        9.93238
    0.54        0.08        9.90687
    0.55        0.08        9.88219
    0.56        0.08        9.8583
    0.57        0.08        9.83497
    0.58        0.08        9.8122
    0.59        0.08        9.78995
    0.6        0.08        9.76821
    0.61        0.08        9.74721
    0.62        0.08        9.72692
    0.63        0.08        9.70733
    0.64        0.08        9.68842
    0.65        0.08        9.6702
    0.66        0.08        9.65263
    0.67        0.08        9.63572
    0.68        0.08        9.61945
    0.69        0.08        9.60381
    0.7        0.08        9.58878
    0.71        0.08        9.57436
    0.72        0.08        9.56053
    0.73        0.08        9.54729
    0.74        0.08        9.53462
    0.75        0.08        9.52252
    0.76        0.08        9.51097
    0.77        0.08        9.49997
    0.78        0.08        9.48951
    0.79        0.08        9.47957
    0.8        0.08        9.47016
    0.81        0.08        9.46126
    0.82        0.08        9.45286
    0.83        0.08        9.44496
    0.84        0.08        9.43756
    0.85        0.08        9.43064
    0.86        0.08        9.4242
    0.87        0.08        9.41823
    0.88        0.08        9.41273
    0.89        0.08        9.4077
    0.9        0.08        9.40312
    0.91        0.08        9.39901
    0.92        0.08        9.39534
    0.93        0.08        9.39212
    0.94        0.08        9.38935
    0.95        0.08        9.38702
    0.96        0.08        9.38514
    0.97        0.08        9.3837
    0.98        0.08        9.3827
    0.99        0.08        9.38214
    1        0.08        9.38202
    0.51        0.09        9.98597
    0.52        0.09        9.9588
    0.53        0.09        9.9325
    0.54        0.09        9.90704
    0.55        0.09        9.88241
    0.56        0.09        9.85858
    0.57        0.09        9.83555
    0.58        0.09        9.81306
    0.59        0.09        9.79111
    0.6        0.09        9.76967
    0.61        0.09        9.74874
    0.62        0.09        9.72852
    0.63        0.09        9.70901
    0.64        0.09        9.69018
    0.65        0.09        9.67203
    0.66        0.09        9.65454
    0.67        0.09        9.6377
    0.68        0.09        9.6215
    0.69        0.09        9.60592
    0.7        0.09        9.59096
    0.71        0.09        9.5766
    0.72        0.09        9.56284
    0.73        0.09        9.54966
    0.74        0.09        9.53705
    0.75        0.09        9.52501
    0.76        0.09        9.51351
    0.77        0.09        9.50256
    0.78        0.09        9.49215
    0.79        0.09        9.48226
    0.8        0.09        9.47289
    0.81        0.09        9.46403
    0.82        0.09        9.45567
    0.83        0.09        9.44781
    0.84        0.09        9.44044
    0.85        0.09        9.43354
    0.86        0.09        9.42713
    0.87        0.09        9.42119
    0.88        0.09        9.41571
    0.89        0.09        9.4107
    0.9        0.09        9.40614
    0.91        0.09        9.40203
    0.92        0.09        9.39838
    0.93        0.09        9.39517
    0.94        0.09        9.3924
    0.95        0.09        9.39008
    0.96        0.09        9.3882
    0.97        0.09        9.38675
    0.98        0.09        9.38575
    0.99        0.09        9.38518
    1        0.09        9.38505
    0.51        0.1        9.986
    0.52        0.1        9.9589
    0.53        0.1        9.93267
    0.54        0.1        9.90728
    0.55        0.1        9.88273
    0.56        0.1        9.85898
    0.57        0.1        9.83603
    0.58        0.1        9.81385
    0.59        0.1        9.7922
    0.6        0.1        9.77108
    0.61        0.1        9.75046
    0.62        0.1        9.73033
    0.63        0.1        9.7109
    0.64        0.1        9.69216
    0.65        0.1        9.67409
    0.66        0.1        9.65669
    0.67        0.1        9.63993
    0.68        0.1        9.62381
    0.69        0.1        9.60832
    0.7        0.1        9.59344
    0.71        0.1        9.57916
    0.72        0.1        9.56547
    0.73        0.1        9.55236
    0.74        0.1        9.53982
    0.75        0.1        9.52784
    0.76        0.1        9.51641
    0.77        0.1        9.50552
    0.78        0.1        9.49516
    0.79        0.1        9.48533
    0.8        0.1        9.47601
    0.81        0.1        9.4672
    0.82        0.1        9.45888
    0.83        0.1        9.45106
    0.84        0.1        9.44373
    0.85        0.1        9.43688
    0.86        0.1        9.4305
    0.87        0.1        9.42458
    0.88        0.1        9.41913
    0.89        0.1        9.41414
    0.9        0.1        9.4096
    0.91        0.1        9.40552
    0.92        0.1        9.40187
    0.93        0.1        9.39868
    0.94        0.1        9.39592
    0.95        0.1        9.3936
    0.96        0.1        9.39172
    0.97        0.1        9.39027
    0.98        0.1        9.38926
    0.99        0.1        9.38868
    1        0.1        9.38853
    0.51        0.11        9.98605
    0.52        0.11        9.95904
    0.53        0.11        9.93289
    0.54        0.11        9.9076
    0.55        0.11        9.88313
    0.56        0.11        9.85948
    0.57        0.11        9.83663
    0.58        0.11        9.81455
    0.59        0.11        9.79323
    0.6        0.11        9.77243
    0.61        0.11        9.75214
    0.62        0.11        9.73233
    0.63        0.11        9.71301
    0.64        0.11        9.69437
    0.65        0.11        9.6764
    0.66        0.11        9.65909
    0.67        0.11        9.64243
    0.68        0.11        9.62641
    0.69        0.11        9.61101
    0.7        0.11        9.59621
    0.71        0.11        9.58202
    0.72        0.11        9.56842
    0.73        0.11        9.55539
    0.74        0.11        9.54293
    0.75        0.11        9.53102
    0.76        0.11        9.51967
    0.77        0.11        9.50885
    0.78        0.11        9.49856
    0.79        0.11        9.48878
    0.8        0.11        9.47952
    0.81        0.11        9.47077
    0.82        0.11        9.46251
    0.83        0.11        9.45474
    0.84        0.11        9.44745
    0.85        0.11        9.44063
    0.86        0.11        9.43429
    0.87        0.11        9.42841
    0.88        0.11        9.423
    0.89        0.11        9.41803
    0.9        0.11        9.41352
    0.91        0.11        9.40945
    0.92        0.11        9.40583
    0.93        0.11        9.40264
    0.94        0.11        9.39989
    0.95        0.11        9.39758
    0.96        0.11        9.3957
    0.97        0.11        9.39425
    0.98        0.11        9.39323
    0.99        0.11        9.39265
    1        0.11        9.39249
    0.51        0.12        9.9861
    0.52        0.12        9.9592
    0.53        0.12        9.93316
    0.54        0.12        9.90798
    0.55        0.12        9.88363
    0.56        0.12        9.86009
    0.57        0.12        9.83735
    0.58        0.12        9.81539
    0.59        0.12        9.79418
    0.6        0.12        9.77373
    0.61        0.12        9.75377
    0.62        0.12        9.73431
    0.63        0.12        9.71533
    0.64        0.12        9.6968
    0.65        0.12        9.67894
    0.66        0.12        9.66175
    0.67        0.12        9.6452
    0.68        0.12        9.62928
    0.69        0.12        9.61398
    0.7        0.12        9.59929
    0.71        0.12        9.5852
    0.72        0.12        9.57169
    0.73        0.12        9.55875
    0.74        0.12        9.54638
    0.75        0.12        9.53456
    0.76        0.12        9.52329
    0.77        0.12        9.51255
    0.78        0.12        9.50233
    0.79        0.12        9.49263
    0.8        0.12        9.48343
    0.81        0.12        9.47474
    0.82        0.12        9.46654
    0.83        0.12        9.45882
    0.84        0.12        9.45159
    0.85        0.12        9.44482
    0.86        0.12        9.43852
    0.87        0.12        9.43269
    0.88        0.12        9.4273
    0.89        0.12        9.42237
    0.9        0.12        9.41788
    0.91        0.12        9.41384
    0.92        0.12        9.41024
    0.93        0.12        9.40707
    0.94        0.12        9.40433
    0.95        0.12        9.40203
    0.96        0.12        9.40015
    0.97        0.12        9.3987
    0.98        0.12        9.39768
    0.99        0.12        9.39709
    1        0.12        9.39691
    0.51        0.13        9.98617
    0.52        0.13        9.95939
    0.53        0.13        9.93349
    0.54        0.13        9.90843
    0.55        0.13        9.88421
    0.56        0.13        9.8608
    0.57        0.13        9.83819
    0.58        0.13        9.81636
    0.59        0.13        9.79529
    0.6        0.13        9.77497
    0.61        0.13        9.75537
    0.62        0.13        9.73627
    0.63        0.13        9.71763
    0.64        0.13        9.69946
    0.65        0.13        9.68173
    0.66        0.13        9.66466
    0.67        0.13        9.64823
    0.68        0.13        9.63243
    0.69        0.13        9.61725
    0.7        0.13        9.60267
    0.71        0.13        9.58869
    0.72        0.13        9.57529
    0.73        0.13        9.56245
    0.74        0.13        9.55018
    0.75        0.13        9.53846
    0.76        0.13        9.52727
    0.77        0.13        9.51662
    0.78        0.13        9.50649
    0.79        0.13        9.49686
    0.8        0.13        9.48775
    0.81        0.13        9.47912
    0.82        0.13        9.47099
    0.83        0.13        9.46334
    0.84        0.13        9.45616
    0.85        0.13        9.44944
    0.86        0.13        9.4432
    0.87        0.13        9.4374
    0.88        0.13        9.43206
    0.89        0.13        9.42716
    0.9        0.13        9.42271
    0.91        0.13        9.4187
    0.92        0.13        9.41511
    0.93        0.13        9.41196
    0.94        0.13        9.40924
    0.95        0.13        9.40695
    0.96        0.13        9.40508
    0.97        0.13        9.40363
    0.98        0.13        9.40261
    0.99        0.13        9.402
    1        0.13        9.40182
    0.51        0.14        9.98624
    0.52        0.14        9.95961
    0.53        0.14        9.93386
    0.54        0.14        9.90895
    0.55        0.14        9.88488
    0.56        0.14        9.86162
    0.57        0.14        9.83916
    0.58        0.14        9.81748
    0.59        0.14        9.79656
    0.6        0.14        9.77638
    0.61        0.14        9.75693
    0.62        0.14        9.7382
    0.63        0.14        9.71993
    0.64        0.14        9.70213
    0.65        0.14        9.68476
    0.66        0.14        9.66783
    0.67        0.14        9.65154
    0.68        0.14        9.63587
    0.69        0.14        9.62081
    0.7        0.14        9.60636
    0.71        0.14        9.5925
    0.72        0.14        9.57921
    0.73        0.14        9.56649
    0.74        0.14        9.55433
    0.75        0.14        9.54271
    0.76        0.14        9.53163
    0.77        0.14        9.52107
    0.78        0.14        9.51103
    0.79        0.14        9.5015
    0.8        0.14        9.49246
    0.81        0.14        9.48392
    0.82        0.14        9.47586
    0.83        0.14        9.46827
    0.84        0.14        9.46116
    0.85        0.14        9.45451
    0.86        0.14        9.44831
    0.87        0.14        9.44257
    0.88        0.14        9.43727
    0.89        0.14        9.43242
    0.9        0.14        9.428
    0.91        0.14        9.42401
    0.92        0.14        9.42046
    0.93        0.14        9.41733
    0.94        0.14        9.41463
    0.95        0.14        9.41234
    0.96        0.14        9.41048
    0.97        0.14        9.40904
    0.98        0.14        9.40801
    0.99        0.14        9.40739
    1        0.14        9.4072
    0.51        0.15        9.98632
    0.52        0.15        9.95986
    0.53        0.15        9.93427
    0.54        0.15        9.90954
    0.55        0.15        9.88563
    0.56        0.15        9.86254
    0.57        0.15        9.84025
    0.58        0.15        9.81873
    0.59        0.15        9.79798
    0.6        0.15        9.77796
    0.61        0.15        9.75868
    0.62        0.15        9.7401
    0.63        0.15        9.72222
    0.64        0.15        9.7048
    0.65        0.15        9.68782
    0.66        0.15        9.67126
    0.67        0.15        9.65511
    0.68        0.15        9.63959
    0.69        0.15        9.62468
    0.7        0.15        9.61036
    0.71        0.15        9.59663
    0.72        0.15        9.58347
    0.73        0.15        9.57088
    0.74        0.15        9.55884
    0.75        0.15        9.54733
    0.76        0.15        9.53636
    0.77        0.15        9.52591
    0.78        0.15        9.51597
    0.79        0.15        9.50653
    0.8        0.15        9.49759
    0.81        0.15        9.48913
    0.82        0.15        9.48115
    0.83        0.15        9.47364
    0.84        0.15        9.4666
    0.85        0.15        9.46001
    0.86        0.15        9.45388
    0.87        0.15        9.44819
    0.88        0.15        9.44294
    0.89        0.15        9.43813
    0.9        0.15        9.43375
    0.91        0.15        9.4298
    0.92        0.15        9.42628
    0.93        0.15        9.42317
    0.94        0.15        9.42049
    0.95        0.15        9.41822
    0.96        0.15        9.41637
    0.97        0.15        9.41493
    0.98        0.15        9.41389
    0.99        0.15        9.41327
    1        0.15        9.41306
    0.51        0.16        9.98642
    0.52        0.16        9.96014
    0.53        0.16        9.93474
    0.54        0.16        9.91019
    0.55        0.16        9.88647
    0.56        0.16        9.86357
    0.57        0.16        9.84146
    0.58        0.16        9.82012
    0.59        0.16        9.79955
    0.6        0.16        9.77972
    0.61        0.16        9.76061
    0.62        0.16        9.74222
    0.63        0.16        9.72451
    0.64        0.16        9.70748
    0.65        0.16        9.69089
    0.66        0.16        9.67473
    0.67        0.16        9.65897
    0.68        0.16        9.6436
    0.69        0.16        9.62884
    0.7        0.16        9.61468
    0.71        0.16        9.60109
    0.72        0.16        9.58807
    0.73        0.16        9.57562
    0.74        0.16        9.5637
    0.75        0.16        9.55232
    0.76        0.16        9.54147
    0.77        0.16        9.53113
    0.78        0.16        9.5213
    0.79        0.16        9.51197
    0.8        0.16        9.50313
    0.81        0.16        9.49476
    0.82        0.16        9.48687
    0.83        0.16        9.47944
    0.84        0.16        9.47248
    0.85        0.16        9.46596
    0.86        0.16        9.45989
    0.87        0.16        9.45427
    0.88        0.16        9.44907
    0.89        0.16        9.44431
    0.9        0.16        9.43998
    0.91        0.16        9.43607
    0.92        0.16        9.43258
    0.93        0.16        9.4295
    0.94        0.16        9.42684
    0.95        0.16        9.42458
    0.96        0.16        9.42274
    0.97        0.16        9.4213
    0.98        0.16        9.42027
    0.99        0.16        9.41965
    1        0.16        9.41942
    0.51        0.17        9.98652
    0.52        0.17        9.96045
    0.53        0.17        9.93526
    0.54        0.17        9.91091
    0.55        0.17        9.8874
    0.56        0.17        9.8647
    0.57        0.17        9.84279
    0.58        0.17        9.82166
    0.59        0.17        9.80128
    0.6        0.17        9.78165
    0.61        0.17        9.76274
    0.62        0.17        9.74454
    0.63        0.17        9.72702
    0.64        0.17        9.71018
    0.65        0.17        9.694
    0.66        0.17        9.67824
    0.67        0.17        9.66288
    0.68        0.17        9.64791
    0.69        0.17        9.63331
    0.7        0.17        9.61931
    0.71        0.17        9.60588
    0.72        0.17        9.59302
    0.73        0.17        9.5807
    0.74        0.17        9.56893
    0.75        0.17        9.55769
    0.76        0.17        9.54697
    0.77        0.17        9.53675
    0.78        0.17        9.52704
    0.79        0.17        9.51782
    0.8        0.17        9.50908
    0.81        0.17        9.50082
    0.82        0.17        9.49302
    0.83        0.17        9.48569
    0.84        0.17        9.4788
    0.85        0.17        9.47237
    0.86        0.17        9.46637
    0.87        0.17        9.46081
    0.88        0.17        9.45568
    0.89        0.17        9.45097
    0.9        0.17        9.44668
    0.91        0.17        9.44281
    0.92        0.17        9.43936
    0.93        0.17        9.43631
    0.94        0.17        9.43367
    0.95        0.17        9.43144
    0.96        0.17        9.42961
    0.97        0.17        9.42818
    0.98        0.17        9.42714
    0.99        0.17        9.42651
    1        0.17        9.42628
    0.51        0.18        9.98663
    0.52        0.18        9.96079
    0.53        0.18        9.93582
    0.54        0.18        9.9117
    0.55        0.18        9.88841
    0.56        0.18        9.86593
    0.57        0.18        9.84425
    0.58        0.18        9.82333
    0.59        0.18        9.80318
    0.6        0.18        9.78376
    0.61        0.18        9.76506
    0.62        0.18        9.74707
    0.63        0.18        9.72976
    0.64        0.18        9.71312
    0.65        0.18        9.69714
    0.66        0.18        9.68179
    0.67        0.18        9.66685
    0.68        0.18        9.65229
    0.69        0.18        9.6381
    0.7        0.18        9.62427
    0.71        0.18        9.61101
    0.72        0.18        9.59831
    0.73        0.18        9.58615
    0.74        0.18        9.57453
    0.75        0.18        9.56344
    0.76        0.18        9.55285
    0.77        0.18        9.54277
    0.78        0.18        9.53319
    0.79        0.18        9.52409
    0.8        0.18        9.51547
    0.81        0.18        9.50731
    0.82        0.18        9.49962
    0.83        0.18        9.49238
    0.84        0.18        9.48559
    0.85        0.18        9.47923
    0.86        0.18        9.47331
    0.87        0.18        9.46782
    0.88        0.18        9.46275
    0.89        0.18        9.45811
    0.9        0.18        9.45387
    0.91        0.18        9.45005
    0.92        0.18        9.44663
    0.93        0.18        9.44362
    0.94        0.18        9.44101
    0.95        0.18        9.43879
    0.96        0.18        9.43697
    0.97        0.18        9.43555
    0.98        0.18        9.43452
    0.99        0.18        9.43388
    1        0.18        9.43363
    0.51        0.19        9.98676
    0.52        0.19        9.96116
    0.53        0.19        9.93643
    0.54        0.19        9.91256
    0.55        0.19        9.88951
    0.56        0.19        9.86728
    0.57        0.19        9.84583
    0.58        0.19        9.82516
    0.59        0.19        9.80523
    0.6        0.19        9.78605
    0.61        0.19        9.76758
    0.62        0.19        9.74981
    0.63        0.19        9.73272
    0.64        0.19        9.7163
    0.65        0.19        9.70053
    0.66        0.19        9.6854
    0.67        0.19        9.67088
    0.68        0.19        9.65674
    0.69        0.19        9.64297
    0.7        0.19        9.62956
    0.71        0.19        9.61648
    0.72        0.19        9.60395
    0.73        0.19        9.59197
    0.74        0.19        9.58051
    0.75        0.19        9.56957
    0.76        0.19        9.55914
    0.77        0.19        9.5492
    0.78        0.19        9.53975
    0.79        0.19        9.53078
    0.8        0.19        9.52228
    0.81        0.19        9.51425
    0.82        0.19        9.50666
    0.83        0.19        9.49953
    0.84        0.19        9.49283
    0.85        0.19        9.48656
    0.86        0.19        9.48073
    0.87        0.19        9.47531
    0.88        0.19        9.47031
    0.89        0.19        9.46573
    0.9        0.19        9.46155
    0.91        0.19        9.45778
    0.92        0.19        9.4544
    0.93        0.19        9.45142
    0.94        0.19        9.44884
    0.95        0.19        9.44665
    0.96        0.19        9.44484
    0.97        0.19        9.44343
    0.98        0.19        9.4424
    0.99        0.19        9.44176
    1        0.19        9.4415
    0.51        0.2        9.98689
    0.52        0.2        9.96156
    0.53        0.2        9.9371
    0.54        0.2        9.91349
    0.55        0.2        9.8907
    0.56        0.2        9.86873
    0.57        0.2        9.84754
    0.58        0.2        9.82712
    0.59        0.2        9.80746
    0.6        0.2        9.78852
    0.61        0.2        9.7703
    0.62        0.2        9.75277
    0.63        0.2        9.73592
    0.64        0.2        9.71974
    0.65        0.2        9.7042
    0.66        0.2        9.68928
    0.67        0.2        9.67498
    0.68        0.2        9.66129
    0.69        0.2        9.64795
    0.7        0.2        9.63495
    0.71        0.2        9.62229
    0.72        0.2        9.60996
    0.73        0.2        9.59815
    0.74        0.2        9.58687
    0.75        0.2        9.57609
    0.76        0.2        9.56582
    0.77        0.2        9.55604
    0.78        0.2        9.54674
    0.79        0.2        9.53791
    0.8        0.2        9.52954
    0.81        0.2        9.52163
    0.82        0.2        9.51416
    0.83        0.2        9.50713
    0.84        0.2        9.50054
    0.85        0.2        9.49437
    0.86        0.2        9.48862
    0.87        0.2        9.48329
    0.88        0.2        9.47836
    0.89        0.2        9.47384
    0.9        0.2        9.46972
    0.91        0.2        9.466
    0.92        0.2        9.46267
    0.93        0.2        9.45973
    0.94        0.2        9.45718
    0.95        0.2        9.45501
    0.96        0.2        9.45323
    0.97        0.2        9.45182
    0.98        0.2        9.4508
    0.99        0.2        9.45015
    1        0.2        9.44988
    0.51        0.21        9.98703
    0.52        0.21        9.96199
    0.53        0.21        9.93781
    0.54        0.21        9.91449
    0.55        0.21        9.89198
    0.56        0.21        9.87029
    0.57        0.21        9.84938
    0.58        0.21        9.82924
    0.59        0.21        9.80985
    0.6        0.21        9.79118
    0.61        0.21        9.77322
    0.62        0.21        9.75596
    0.63        0.21        9.73936
    0.64        0.21        9.72343
    0.65        0.21        9.70813
    0.66        0.21        9.69346
    0.67        0.21        9.67939
    0.68        0.21        9.66592
    0.69        0.21        9.65302
    0.7        0.21        9.64047
    0.71        0.21        9.62824
    0.72        0.21        9.61633
    0.73        0.21        9.60471
    0.74        0.21        9.59361
    0.75        0.21        9.58302
    0.76        0.21        9.57292
    0.77        0.21        9.5633
    0.78        0.21        9.55415
    0.79        0.21        9.54547
    0.8        0.21        9.53724
    0.81        0.21        9.52946
    0.82        0.21        9.52212
    0.83        0.21        9.5152
    0.84        0.21        9.50872
    0.85        0.21        9.50265
    0.86        0.21        9.497
    0.87        0.21        9.49175
    0.88        0.21        9.48691
    0.89        0.21        9.48246
    0.9        0.21        9.4784
    0.91        0.21        9.47474
    0.92        0.21        9.47146
    0.93        0.21        9.46856
    0.94        0.21        9.46604
    0.95        0.21        9.4639
    0.96        0.21        9.46213
    0.97        0.21        9.46074
    0.98        0.21        9.45972
    0.99        0.21        9.45907
    1        0.21        9.45879
    0.51        0.22        9.98719
    0.52        0.22        9.96245
    0.53        0.22        9.93858
    0.54        0.22        9.91556
    0.55        0.22        9.89336
    0.56        0.22        9.87197
    0.57        0.22        9.85136
    0.58        0.22        9.83151
    0.59        0.22        9.81241
    0.6        0.22        9.79403
    0.61        0.22        9.77635
    0.62        0.22        9.75937
    0.63        0.22        9.74305
    0.64        0.22        9.72738
    0.65        0.22        9.71234
    0.66        0.22        9.69792
    0.67        0.22        9.6841
    0.68        0.22        9.67087
    0.69        0.22        9.65821
    0.7        0.22        9.64611
    0.71        0.22        9.63432
    0.72        0.22        9.62285
    0.73        0.22        9.61166
    0.74        0.22        9.60076
    0.75        0.22        9.59035
    0.76        0.22        9.58043
    0.77        0.22        9.57098
    0.78        0.22        9.562
    0.79        0.22        9.55347
    0.8        0.22        9.54539
    0.81        0.22        9.53775
    0.82        0.22        9.53054
    0.83        0.22        9.52375
    0.84        0.22        9.51738
    0.85        0.22        9.51142
    0.86        0.22        9.50587
    0.87        0.22        9.50071
    0.88        0.22        9.49595
    0.89        0.22        9.49158
    0.9        0.22        9.48759
    0.91        0.22        9.48399
    0.92        0.22        9.48076
    0.93        0.22        9.4779
    0.94        0.22        9.47542
    0.95        0.22        9.47331
    0.96        0.22        9.47156
    0.97        0.22        9.47018
    0.98        0.22        9.46917
    0.99        0.22        9.46851
    1        0.22        9.46822
    0.51        0.23        9.98735
    0.52        0.23        9.96294
    0.53        0.23        9.9394
    0.54        0.23        9.91671
    0.55        0.23        9.89483
    0.56        0.23        9.87376
    0.57        0.23        9.85347
    0.58        0.23        9.83394
    0.59        0.23        9.81515
    0.6        0.23        9.79707
    0.61        0.23        9.7797
    0.62        0.23        9.76301
    0.63        0.23        9.74698
    0.64        0.23        9.73159
    0.65        0.23        9.71683
    0.66        0.23        9.70268
    0.67        0.23        9.68913
    0.68        0.23        9.67615
    0.69        0.23        9.66374
    0.7        0.23        9.65188
    0.71        0.23        9.64055
    0.72        0.23        9.62952
    0.73        0.23        9.61878
    0.74        0.23        9.60831
    0.75        0.23        9.5981
    0.76        0.23        9.58837
    0.77        0.23        9.5791
    0.78        0.23        9.57029
    0.79        0.23        9.56193
    0.8        0.23        9.55401
    0.81        0.23        9.54651
    0.82        0.23        9.53944
    0.83        0.23        9.53279
    0.84        0.23        9.52654
    0.85        0.23        9.52069
    0.86        0.23        9.51524
    0.87        0.23        9.51018
    0.88        0.23        9.50551
    0.89        0.23        9.50122
    0.9        0.23        9.4973
    0.91        0.23        9.49376
    0.92        0.23        9.49058
    0.93        0.23        9.48778
    0.94        0.23        9.48533
    0.95        0.23        9.48325
    0.96        0.23        9.48153
    0.97        0.23        9.48016
    0.98        0.23        9.47915
    0.99        0.23        9.4785
    1        0.23        9.4782
    0.51        0.24        9.98753
    0.52        0.24        9.96347
    0.53        0.24        9.94028
    0.54        0.24        9.91793
    0.55        0.24        9.8964
    0.56        0.24        9.87567
    0.57        0.24        9.85572
    0.58        0.24        9.83653
    0.59        0.24        9.81807
    0.6        0.24        9.80032
    0.61        0.24        9.78327
    0.62        0.24        9.76689
    0.63        0.24        9.75117
    0.64        0.24        9.73608
    0.65        0.24        9.72161
    0.66        0.24        9.70775
    0.67        0.24        9.69448
    0.68        0.24        9.68177
    0.69        0.24        9.66962
    0.7        0.24        9.65801
    0.71        0.24        9.64693
    0.72        0.24        9.63636
    0.73        0.24        9.62607
    0.74        0.24        9.61605
    0.75        0.24        9.60627
    0.76        0.24        9.59674
    0.77        0.24        9.58767
    0.78        0.24        9.57904
    0.79        0.24        9.57085
    0.8        0.24        9.56309
    0.81        0.24        9.55575
    0.82        0.24        9.54883
    0.83        0.24        9.54231
    0.84        0.24        9.53619
    0.85        0.24        9.53046
    0.86        0.24        9.52512
    0.87        0.24        9.52017
    0.88        0.24        9.51558
    0.89        0.24        9.51138
    0.9        0.24        9.50754
    0.91        0.24        9.50406
    0.92        0.24        9.50094
    0.93        0.24        9.49819
    0.94        0.24        9.49578
    0.95        0.24        9.49373
    0.96        0.24        9.49203
    0.97        0.24        9.49068
    0.98        0.24        9.48968
    0.99        0.24        9.48903
    1        0.24        9.48872
    0.51        0.25        9.98771
    0.52        0.25        9.96403
    0.53        0.25        9.94121
    0.54        0.25        9.91923
    0.55        0.25        9.89807
    0.56        0.25        9.87771
    0.57        0.25        9.85812
    0.58        0.25        9.83928
    0.59        0.25        9.82117
    0.6        0.25        9.80377
    0.61        0.25        9.78706
    0.62        0.25        9.77101
    0.63        0.25        9.75562
    0.64        0.25        9.74085
    0.65        0.25        9.72669
    0.66        0.25        9.71313
    0.67        0.25        9.70015
    0.68        0.25        9.68773
    0.69        0.25        9.67586
    0.7        0.25        9.66452
    0.71        0.25        9.6537
    0.72        0.25        9.64338
    0.73        0.25        9.63355
    0.74        0.25        9.62398
    0.75        0.25        9.61465
    0.76        0.25        9.60556
    0.77        0.25        9.59669
    0.78        0.25        9.58825
    0.79        0.25        9.58024
    0.8        0.25        9.57266
    0.81        0.25        9.56548
    0.82        0.25        9.55871
    0.83        0.25        9.55233
    0.84        0.25        9.54635
    0.85        0.25        9.54075
    0.86        0.25        9.53552
    0.87        0.25        9.53067
    0.88        0.25        9.52619
    0.89        0.25        9.52207
    0.9        0.25        9.51831
    0.91        0.25        9.5149
    0.92        0.25        9.51185
    0.93        0.25        9.50914
    0.94        0.25        9.50678
    0.95        0.25        9.50477
    0.96        0.25        9.50309
    0.97        0.25        9.50176
    0.98        0.25        9.50077
    0.99        0.25        9.50011
    1        0.25        9.49979
    0.51        0.26        9.98791
    0.52        0.26        9.96463
    0.53        0.26        9.9422
    0.54        0.26        9.92062
    0.55        0.26        9.89985
    0.56        0.26        9.87987
    0.57        0.26        9.86067
    0.58        0.26        9.84221
    0.59        0.26        9.82447
    0.6        0.26        9.80743
    0.61        0.26        9.79108
    0.62        0.26        9.77539
    0.63        0.26        9.76034
    0.64        0.26        9.74591
    0.65        0.26        9.73208
    0.66        0.26        9.71884
    0.67        0.26        9.70617
    0.68        0.26        9.69405
    0.69        0.26        9.68247
    0.7        0.26        9.67141
    0.71        0.26        9.66086
    0.72        0.26        9.6508
    0.73        0.26        9.64123
    0.74        0.26        9.63212
    0.75        0.26        9.62325
    0.76        0.26        9.6146
    0.77        0.26        9.60617
    0.78        0.26        9.59793
    0.79        0.26        9.59012
    0.8        0.26        9.58271
    0.81        0.26        9.5757
    0.82        0.26        9.56909
    0.83        0.26        9.56287
    0.84        0.26        9.55702
    0.85        0.26        9.55155
    0.86        0.26        9.54645
    0.87        0.26        9.54171
    0.88        0.26        9.53733
    0.89        0.26        9.5333
    0.9        0.26        9.52962
    0.91        0.26        9.52629
    0.92        0.26        9.5233
    0.93        0.26        9.52065
    0.94        0.26        9.51834
    0.95        0.26        9.51636
    0.96        0.26        9.51471
    0.97        0.26        9.5134
    0.98        0.26        9.51241
    0.99        0.26        9.51176
    1        0.26        9.51143
    0.51        0.27        9.98812
    0.52        0.27        9.96526
    0.53        0.27        9.94325
    0.54        0.27        9.92209
    0.55        0.27        9.90173
    0.56        0.27        9.88217
    0.57        0.27        9.86337
    0.58        0.27        9.84531
    0.59        0.27        9.82796
    0.6        0.27        9.81132
    0.61        0.27        9.79534
    0.62        0.27        9.78002
    0.63        0.27        9.76533
    0.64        0.27        9.75126
    0.65        0.27        9.73778
    0.66        0.27        9.72488
    0.67        0.27        9.71253
    0.68        0.27        9.70073
    0.69        0.27        9.68945
    0.7        0.27        9.67869
    0.71        0.27        9.66842
    0.72        0.27        9.65864
    0.73        0.27        9.64933
    0.74        0.27        9.64048
    0.75        0.27        9.63208
    0.76        0.27        9.62389
    0.77        0.27        9.61589
    0.78        0.27        9.6081
    0.79        0.27        9.60048
    0.8        0.27        9.59326
    0.81        0.27        9.58643
    0.82        0.27        9.57999
    0.83        0.27        9.57392
    0.84        0.27        9.56823
    0.85        0.27        9.56289
    0.86        0.27        9.55792
    0.87        0.27        9.55329
    0.88        0.27        9.54902
    0.89        0.27        9.54509
    0.9        0.27        9.54149
    0.91        0.27        9.53824
    0.92        0.27        9.53531
    0.93        0.27        9.53272
    0.94        0.27        9.53046
    0.95        0.27        9.52852
    0.96        0.27        9.5269
    0.97        0.27        9.5256
    0.98        0.27        9.52463
    0.99        0.27        9.52397
    1        0.27        9.52364
    0.51        0.28        9.98835
    0.52        0.28        9.96593
    0.53        0.28        9.94437
    0.54        0.28        9.92364
    0.55        0.28        9.90373
    0.56        0.28        9.8846
    0.57        0.28        9.86623
    0.58        0.28        9.84859
    0.59        0.28        9.83166
    0.6        0.28        9.81542
    0.61        0.28        9.79985
    0.62        0.28        9.78492
    0.63        0.28        9.77062
    0.64        0.28        9.75692
    0.65        0.28        9.7438
    0.66        0.28        9.73125
    0.67        0.28        9.71925
    0.68        0.28        9.70778
    0.69        0.28        9.69683
    0.7        0.28        9.68637
    0.71        0.28        9.67641
    0.72        0.28        9.66691
    0.73        0.28        9.65788
    0.74        0.28        9.64929
    0.75        0.28        9.64114
    0.76        0.28        9.63342
    0.77        0.28        9.62588
    0.78        0.28        9.61853
    0.79        0.28        9.61134
    0.8        0.28        9.60432
    0.81        0.28        9.59768
    0.82        0.28        9.59141
    0.83        0.28        9.58551
    0.84        0.28        9.57996
    0.85        0.28        9.57477
    0.86        0.28        9.56993
    0.87        0.28        9.56543
    0.88        0.28        9.56126
    0.89        0.28        9.55743
    0.9        0.28        9.55393
    0.91        0.28        9.55075
    0.92        0.28        9.5479
    0.93        0.28        9.54537
    0.94        0.28        9.54315
    0.95        0.28        9.54125
    0.96        0.28        9.53966
    0.97        0.28        9.53839
    0.98        0.28        9.53743
    0.99        0.28        9.53677
    1        0.28        9.53643
    0.51        0.29        9.98858
    0.52        0.29        9.96664
    0.53        0.29        9.94555
    0.54        0.29        9.92529
    0.55        0.29        9.90584
    0.56        0.29        9.88717
    0.57        0.29        9.86925
    0.58        0.29        9.85206
    0.59        0.29        9.83557
    0.6        0.29        9.81977
    0.61        0.29        9.80462
    0.62        0.29        9.7901
    0.63        0.29        9.7762
    0.64        0.29        9.76289
    0.65        0.29        9.75016
    0.66        0.29        9.73798
    0.67        0.29        9.72634
    0.68        0.29        9.71522
    0.69        0.29        9.7046
    0.7        0.29        9.69447
    0.71        0.29        9.68482
    0.72        0.29        9.67562
    0.73        0.29        9.66688
    0.74        0.29        9.65857
    0.75        0.29        9.65068
    0.76        0.29        9.64321
    0.77        0.29        9.63614
    0.78        0.29        9.62924
    0.79        0.29        9.62249
    0.8        0.29        9.6159
    0.81        0.29        9.60946
    0.82        0.29        9.60337
    0.83        0.29        9.59764
    0.84        0.29        9.59225
    0.85        0.29        9.58721
    0.86        0.29        9.5825
    0.87        0.29        9.57812
    0.88        0.29        9.57407
    0.89        0.29        9.57035
    0.9        0.29        9.56694
    0.91        0.29        9.56385
    0.92        0.29        9.56107
    0.93        0.29        9.55859
    0.94        0.29        9.55643
    0.95        0.29        9.55457
    0.96        0.29        9.55302
    0.97        0.29        9.55176
    0.98        0.29        9.55081
    0.99        0.29        9.55016
    1        0.29        9.54981
    0.51        0.3        9.98883
    0.52        0.3        9.96739
    0.53        0.3        9.94679
    0.54        0.3        9.92703
    0.55        0.3        9.90807
    0.56        0.3        9.88989
    0.57        0.3        9.87245
    0.58        0.3        9.85573
    0.59        0.3        9.83971
    0.6        0.3        9.82435
    0.61        0.3        9.80965
    0.62        0.3        9.79557
    0.63        0.3        9.78209
    0.64        0.3        9.7692
    0.65        0.3        9.75686
    0.66        0.3        9.74507
    0.67        0.3        9.73381
    0.68        0.3        9.72305
    0.69        0.3        9.71278
    0.7        0.3        9.70299
    0.71        0.3        9.69366
    0.72        0.3        9.68478
    0.73        0.3        9.67634
    0.74        0.3        9.66832
    0.75        0.3        9.66071
    0.76        0.3        9.6535
    0.77        0.3        9.64668
    0.78        0.3        9.64024
    0.79        0.3        9.63395
    0.8        0.3        9.62779
    0.81        0.3        9.62177
    0.82        0.3        9.61587
    0.83        0.3        9.61032
    0.84        0.3        9.6051
    0.85        0.3        9.6002
    0.86        0.3        9.59564
    0.87        0.3        9.59139
    0.88        0.3        9.58746
    0.89        0.3        9.58384
    0.9        0.3        9.58053
    0.91        0.3        9.57753
    0.92        0.3        9.57482
    0.93        0.3        9.57241
    0.94        0.3        9.5703
    0.95        0.3        9.56849
    0.96        0.3        9.56697
    0.97        0.3        9.56574
    0.98        0.3        9.5648
    0.99        0.3        9.56415
    1        0.3        9.56379
    0.51        0.31        9.9891
    0.52        0.31        9.96818
    0.53        0.31        9.94811
    0.54        0.31        9.92887
    0.55        0.31        9.91043
    0.56        0.31        9.89276
    0.57        0.31        9.87582
    0.58        0.31        9.8596
    0.59        0.31        9.84407
    0.6        0.31        9.82919
    0.61        0.31        9.81496
    0.62        0.31        9.80133
    0.63        0.31        9.7883
    0.64        0.31        9.77584
    0.65        0.31        9.76392
    0.66        0.31        9.75254
    0.67        0.31        9.74167
    0.68        0.31        9.73129
    0.69        0.31        9.72139
    0.7        0.31        9.71195
    0.71        0.31        9.70296
    0.72        0.31        9.69441
    0.73        0.31        9.68628
    0.74        0.31        9.67856
    0.75        0.31        9.67123
    0.76        0.31        9.66429
    0.77        0.31        9.65773
    0.78        0.31        9.65154
    0.79        0.31        9.64571
    0.8        0.31        9.64
    0.81        0.31        9.63441
    0.82        0.31        9.62893
    0.83        0.31        9.62356
    0.84        0.31        9.61851
    0.85        0.31        9.61378
    0.86        0.31        9.60936
    0.87        0.31        9.60525
    0.88        0.31        9.60144
    0.89        0.31        9.59793
    0.9        0.31        9.59472
    0.91        0.31        9.5918
    0.92        0.31        9.58918
    0.93        0.31        9.58684
    0.94        0.31        9.58478
    0.95        0.31        9.58302
    0.96        0.31        9.58153
    0.97        0.31        9.58032
    0.98        0.31        9.5794
    0.99        0.31        9.57875
    1        0.31        9.57838
    0.51        0.32        9.98938
    0.52        0.32        9.96901
    0.53        0.32        9.94951
    0.54        0.32        9.93082
    0.55        0.32        9.91292
    0.56        0.32        9.89579
    0.57        0.32        9.87939
    0.58        0.32        9.86369
    0.59        0.32        9.84867
    0.6        0.32        9.83429
    0.61        0.32        9.82055
    0.62        0.32        9.8074
    0.63        0.32        9.79484
    0.64        0.32        9.78283
    0.65        0.32        9.77135
    0.66        0.32        9.76039
    0.67        0.32        9.74993
    0.68        0.32        9.73995
    0.69        0.32        9.73043
    0.7        0.32        9.72137
    0.71        0.32        9.71273
    0.72        0.32        9.70452
    0.73        0.32        9.69671
    0.74        0.32        9.6893
    0.75        0.32        9.68227
    0.76        0.32        9.67561
    0.77        0.32        9.66932
    0.78        0.32        9.66339
    0.79        0.32        9.65779
    0.8        0.32        9.65254
    0.81        0.32        9.64739
    0.82        0.32        9.64234
    0.83        0.32        9.63738
    0.84        0.32        9.63251
    0.85        0.32        9.62794
    0.86        0.32        9.62367
    0.87        0.32        9.6197
    0.88        0.32        9.61602
    0.89        0.32        9.61263
    0.9        0.32        9.60952
    0.91        0.32        9.60669
    0.92        0.32        9.60415
    0.93        0.32        9.60188
    0.94        0.32        9.59988
    0.95        0.32        9.59816
    0.96        0.32        9.59671
    0.97        0.32        9.59553
    0.98        0.32        9.59462
    0.99        0.32        9.59397
    1        0.32        9.5936
    0.51        0.33        9.98967
    0.52        0.33        9.9699
    0.53        0.33        9.95098
    0.54        0.33        9.93287
    0.55        0.33        9.91555
    0.56        0.33        9.89899
    0.57        0.33        9.88314
    0.58        0.33        9.868
    0.59        0.33        9.85351
    0.6        0.33        9.83967
    0.61        0.33        9.82644
    0.62        0.33        9.8138
    0.63        0.33        9.80172
    0.64        0.33        9.79018
    0.65        0.33        9.77917
    0.66        0.33        9.76865
    0.67        0.33        9.75862
    0.68        0.33        9.74905
    0.69        0.33        9.73993
    0.7        0.33        9.73125
    0.71        0.33        9.72298
    0.72        0.33        9.71512
    0.73        0.33        9.70765
    0.74        0.33        9.70056
    0.75        0.33        9.69383
    0.76        0.33        9.68747
    0.77        0.33        9.68146
    0.78        0.33        9.67578
    0.79        0.33        9.67044
    0.8        0.33        9.66542
    0.81        0.33        9.66072
    0.82        0.33        9.6561
    0.83        0.33        9.65156
    0.84        0.33        9.6471
    0.85        0.33        9.6427
    0.86        0.33        9.63859
    0.87        0.33        9.63476
    0.88        0.33        9.63121
    0.89        0.33        9.62794
    0.9        0.33        9.62493
    0.91        0.33        9.6222
    0.92        0.33        9.61974
    0.93        0.33        9.61754
    0.94        0.33        9.6156
    0.95        0.33        9.61393
    0.96        0.33        9.61252
    0.97        0.33        9.61136
    0.98        0.33        9.61047
    0.99        0.33        9.60983
    1        0.33        9.60945
    0.51        0.34        9.98998
    0.52        0.34        9.97083
    0.53        0.34        9.95253
    0.54        0.34        9.93504
    0.55        0.34        9.91833
    0.56        0.34        9.90236
    0.57        0.34        9.88711
    0.58        0.34        9.87254
    0.59        0.34        9.85863
    0.6        0.34        9.84534
    0.61        0.34        9.83265
    0.62        0.34        9.82053
    0.63        0.34        9.80896
    0.64        0.34        9.79792
    0.65        0.34        9.78738
    0.66        0.34        9.77732
    0.67        0.34        9.76774
    0.68        0.34        9.7586
    0.69        0.34        9.7499
    0.7        0.34        9.74161
    0.71        0.34        9.73372
    0.72        0.34        9.72622
    0.73        0.34        9.7191
    0.74        0.34        9.71234
    0.75        0.34        9.70594
    0.76        0.34        9.69988
    0.77        0.34        9.69415
    0.78        0.34        9.68875
    0.79        0.34        9.68367
    0.8        0.34        9.67889
    0.81        0.34        9.67442
    0.82        0.34        9.67024
    0.83        0.34        9.66613
    0.84        0.34        9.66207
    0.85        0.34        9.65807
    0.86        0.34        9.65412
    0.87        0.34        9.65044
    0.88        0.34        9.64702
    0.89        0.34        9.64387
    0.9        0.34        9.64098
    0.91        0.34        9.63835
    0.92        0.34        9.63597
    0.93        0.34        9.63384
    0.94        0.34        9.63197
    0.95        0.34        9.63034
    0.96        0.34        9.62897
    0.97        0.34        9.62784
    0.98        0.34        9.62696
    0.99        0.34        9.62632
    1        0.34        9.62594
    0.51        0.35        9.99031
    0.52        0.35        9.97182
    0.53        0.35        9.95417
    0.54        0.35        9.93733
    0.55        0.35        9.92125
    0.56        0.35        9.90592
    0.57        0.35        9.89129
    0.58        0.35        9.87733
    0.59        0.35        9.86401
    0.6        0.35        9.8513
    0.61        0.35        9.83918
    0.62        0.35        9.82761
    0.63        0.35        9.81657
    0.64        0.35        9.80604
    0.65        0.35        9.79601
    0.66        0.35        9.78643
    0.67        0.35        9.77731
    0.68        0.35        9.76862
    0.69        0.35        9.76034
    0.7        0.35        9.75246
    0.71        0.35        9.74497
    0.72        0.35        9.73785
    0.73        0.35        9.73109
    0.74        0.35        9.72468
    0.75        0.35        9.7186
    0.76        0.35        9.71286
    0.77        0.35        9.70742
    0.78        0.35        9.7023
    0.79        0.35        9.69748
    0.8        0.35        9.69296
    0.81        0.35        9.68872
    0.82        0.35        9.68476
    0.83        0.35        9.68108
    0.84        0.35        9.67744
    0.85        0.35        9.67385
    0.86        0.35        9.67028
    0.87        0.35        9.66675
    0.88        0.35        9.66348
    0.89        0.35        9.66045
    0.9        0.35        9.65767
    0.91        0.35        9.65513
    0.92        0.35        9.65284
    0.93        0.35        9.65079
    0.94        0.35        9.64898
    0.95        0.35        9.6474
    0.96        0.35        9.64607
    0.97        0.35        9.64497
    0.98        0.35        9.6441
    0.99        0.35        9.64347
    1        0.35        9.64308
    0.51        0.36        9.99066
    0.52        0.36        9.97286
    0.53        0.36        9.9559
    0.54        0.36        9.93974
    0.55        0.36        9.92435
    0.56        0.36        9.90968
    0.57        0.36        9.8957
    0.58        0.36        9.88238
    0.59        0.36        9.86969
    0.6        0.36        9.85759
    0.61        0.36        9.84605
    0.62        0.36        9.83506
    0.63        0.36        9.82458
    0.64        0.36        9.81459
    0.65        0.36        9.80506
    0.66        0.36        9.79599
    0.67        0.36        9.78735
    0.68        0.36        9.77912
    0.69        0.36        9.77129
    0.7        0.36        9.76384
    0.71        0.36        9.75675
    0.72        0.36        9.75002
    0.73        0.36        9.74363
    0.74        0.36        9.73758
    0.75        0.36        9.73184
    0.76        0.36        9.72641
    0.77        0.36        9.72129
    0.78        0.36        9.71645
    0.79        0.36        9.71191
    0.8        0.36        9.70764
    0.81        0.36        9.70364
    0.82        0.36        9.69991
    0.83        0.36        9.69644
    0.84        0.36        9.69322
    0.85        0.36        9.69003
    0.86        0.36        9.68686
    0.87        0.36        9.68371
    0.88        0.36        9.68058
    0.89        0.36        9.67768
    0.9        0.36        9.67501
    0.91        0.36        9.67258
    0.92        0.36        9.67038
    0.93        0.36        9.6684
    0.94        0.36        9.66665
    0.95        0.36        9.66513
    0.96        0.36        9.66383
    0.97        0.36        9.66276
    0.98        0.36        9.66191
    0.99        0.36        9.66129
    1        0.36        9.66089
    0.51        0.37        9.99103
    0.52        0.37        9.97396
    0.53        0.37        9.95773
    0.54        0.37        9.94229
    0.55        0.37        9.92761
    0.56        0.37        9.91365
    0.57        0.37        9.90036
    0.58        0.37        9.88771
    0.59        0.37        9.87567
    0.6        0.37        9.8642
    0.61        0.37        9.85329
    0.62        0.37        9.84289
    0.63        0.37        9.83299
    0.64        0.37        9.82356
    0.65        0.37        9.81458
    0.66        0.37        9.80602
    0.67        0.37        9.79788
    0.68        0.37        9.79013
    0.69        0.37        9.78276
    0.7        0.37        9.77574
    0.71        0.37        9.76908
    0.72        0.37        9.76275
    0.73        0.37        9.75675
    0.74        0.37        9.75106
    0.75        0.37        9.74566
    0.76        0.37        9.74057
    0.77        0.37        9.73575
    0.78        0.37        9.73122
    0.79        0.37        9.72695
    0.8        0.37        9.72295
    0.81        0.37        9.7192
    0.82        0.37        9.7157
    0.83        0.37        9.71244
    0.84        0.37        9.70943
    0.85        0.37        9.70665
    0.86        0.37        9.70388
    0.87        0.37        9.70111
    0.88        0.37        9.69834
    0.89        0.37        9.69557
    0.9        0.37        9.69302
    0.91        0.37        9.69069
    0.92        0.37        9.68858
    0.93        0.37        9.68668
    0.94        0.37        9.685
    0.95        0.37        9.68353
    0.96        0.37        9.68227
    0.97        0.37        9.68123
    0.98        0.37        9.6804
    0.99        0.37        9.67978
    1        0.37        9.67938
    0.51        0.38        9.99142
    0.52        0.38        9.97513
    0.53        0.38        9.95967
    0.54        0.38        9.94499
    0.55        0.38        9.93106
    0.56        0.38        9.91783
    0.57        0.38        9.90527
    0.58        0.38        9.89332
    0.59        0.38        9.88197
    0.6        0.38        9.87117
    0.61        0.38        9.8609
    0.62        0.38        9.85113
    0.63        0.38        9.84183
    0.64        0.38        9.83298
    0.65        0.38        9.82456
    0.66        0.38        9.81654
    0.67        0.38        9.80892
    0.68        0.38        9.80166
    0.69        0.38        9.79476
    0.7        0.38        9.7882
    0.71        0.38        9.78197
    0.72        0.38        9.77606
    0.73        0.38        9.77045
    0.74        0.38        9.76513
    0.75        0.38        9.7601
    0.76        0.38        9.75534
    0.77        0.38        9.75085
    0.78        0.38        9.74661
    0.79        0.38        9.74263
    0.8        0.38        9.7389
    0.81        0.38        9.7354
    0.82        0.38        9.73214
    0.83        0.38        9.72911
    0.84        0.38        9.7263
    0.85        0.38        9.72371
    0.86        0.38        9.72134
    0.87        0.38        9.71896
    0.88        0.38        9.71656
    0.89        0.38        9.71415
    0.9        0.38        9.71172
    0.91        0.38        9.70949
    0.92        0.38        9.70747
    0.93        0.38        9.70565
    0.94        0.38        9.70403
    0.95        0.38        9.70262
    0.96        0.38        9.7014
    0.97        0.38        9.70039
    0.98        0.38        9.69957
    0.99        0.38        9.69896
    1        0.38        9.69855
    0.51        0.39        9.99183
    0.52        0.39        9.97636
    0.53        0.39        9.96172
    0.54        0.39        9.94785
    0.55        0.39        9.93471
    0.56        0.39        9.92226
    0.57        0.39        9.91046
    0.58        0.39        9.89925
    0.59        0.39        9.88862
    0.6        0.39        9.87852
    0.61        0.39        9.86892
    0.62        0.39        9.8598
    0.63        0.39        9.85112
    0.64        0.39        9.84288
    0.65        0.39        9.83503
    0.66        0.39        9.82757
    0.67        0.39        9.82048
    0.68        0.39        9.81374
    0.69        0.39        9.80733
    0.7        0.39        9.80123
    0.71        0.39        9.79545
    0.72        0.39        9.78996
    0.73        0.39        9.78475
    0.74        0.39        9.77982
    0.75        0.39        9.77516
    0.76        0.39        9.77074
    0.77        0.39        9.76658
    0.78        0.39        9.76266
    0.79        0.39        9.75897
    0.8        0.39        9.75551
    0.81        0.39        9.75227
    0.82        0.39        9.74925
    0.83        0.39        9.74645
    0.84        0.39        9.74385
    0.85        0.39        9.74145
    0.86        0.39        9.73926
    0.87        0.39        9.73727
    0.88        0.39        9.73525
    0.89        0.39        9.73319
    0.9        0.39        9.73111
    0.91        0.39        9.72899
    0.92        0.39        9.72706
    0.93        0.39        9.72532
    0.94        0.39        9.72377
    0.95        0.39        9.7224
    0.96        0.39        9.72123
    0.97        0.39        9.72024
    0.98        0.39        9.71945
    0.99        0.39        9.71884
    1        0.39        9.71842
    0.51        0.4        9.99227
    0.52        0.4        9.97767
    0.53        0.4        9.96389
    0.54        0.4        9.95088
    0.55        0.4        9.93858
    0.56        0.4        9.92695
    0.57        0.4        9.91594
    0.58        0.4        9.90551
    0.59        0.4        9.89563
    0.6        0.4        9.88626
    0.61        0.4        9.87736
    0.62        0.4        9.86891
    0.63        0.4        9.86089
    0.64        0.4        9.85327
    0.65        0.4        9.84602
    0.66        0.4        9.83914
    0.67        0.4        9.8326
    0.68        0.4        9.82638
    0.69        0.4        9.82047
    0.7        0.4        9.81486
    0.71        0.4        9.80953
    0.72        0.4        9.80448
    0.73        0.4        9.79969
    0.74        0.4        9.79515
    0.75        0.4        9.79086
    0.76        0.4        9.7868
    0.77        0.4        9.78297
    0.78        0.4        9.77937
    0.79        0.4        9.77598
    0.8        0.4        9.7728
    0.81        0.4        9.76983
    0.82        0.4        9.76705
    0.83        0.4        9.76448
    0.84        0.4        9.76209
    0.85        0.4        9.75989
    0.86        0.4        9.75788
    0.87        0.4        9.75606
    0.88        0.4        9.75441
    0.89        0.4        9.75272
    0.9        0.4        9.75098
    0.91        0.4        9.74919
    0.92        0.4        9.74736
    0.93        0.4        9.7457
    0.94        0.4        9.74421
    0.95        0.4        9.7429
    0.96        0.4        9.74177
    0.97        0.4        9.74081
    0.98        0.4        9.74003
    0.99        0.4        9.73943
    1        0.4        9.73901
    0.51        0.41        9.99273
    0.52        0.41        9.97906
    0.53        0.41        9.9662
    0.54        0.41        9.95409
    0.55        0.41        9.94268
    0.56        0.41        9.93191
    0.57        0.41        9.92174
    0.58        0.41        9.91213
    0.59        0.41        9.90303
    0.6        0.41        9.89442
    0.61        0.41        9.88625
    0.62        0.41        9.87851
    0.63        0.41        9.87116
    0.64        0.41        9.86418
    0.65        0.41        9.85756
    0.66        0.41        9.85126
    0.67        0.41        9.84529
    0.68        0.41        9.83961
    0.69        0.41        9.83422
    0.7        0.41        9.8291
    0.71        0.41        9.82424
    0.72        0.41        9.81963
    0.73        0.41        9.81527
    0.74        0.41        9.81113
    0.75        0.41        9.80722
    0.76        0.41        9.80353
    0.77        0.41        9.80004
    0.78        0.41        9.79676
    0.79        0.41        9.79368
    0.8        0.41        9.79079
    0.81        0.41        9.78808
    0.82        0.41        9.78556
    0.83        0.41        9.78321
    0.84        0.41        9.78105
    0.85        0.41        9.77905
    0.86        0.41        9.77722
    0.87        0.41        9.77557
    0.88        0.41        9.77407
    0.89        0.41        9.77274
    0.9        0.41        9.77135
    0.91        0.41        9.7699
    0.92        0.41        9.76838
    0.93        0.41        9.7668
    0.94        0.41        9.76538
    0.95        0.41        9.76412
    0.96        0.41        9.76303
    0.97        0.41        9.7621
    0.98        0.41        9.76134
    0.99        0.41        9.76074
    1        0.41        9.76031
    0.51        0.42        9.99322
    0.52        0.42        9.98054
    0.53        0.42        9.96865
    0.54        0.42        9.9575
    0.55        0.42        9.94703
    0.56        0.42        9.93717
    0.57        0.42        9.92789
    0.58        0.42        9.91913
    0.59        0.42        9.91085
    0.6        0.42        9.90303
    0.61        0.42        9.89562
    0.62        0.42        9.88861
    0.63        0.42        9.88195
    0.64        0.42        9.87564
    0.65        0.42        9.86966
    0.66        0.42        9.86397
    0.67        0.42        9.85858
    0.68        0.42        9.85345
    0.69        0.42        9.84859
    0.7        0.42        9.84398
    0.71        0.42        9.8396
    0.72        0.42        9.83545
    0.73        0.42        9.83152
    0.74        0.42        9.82779
    0.75        0.42        9.82427
    0.76        0.42        9.82095
    0.77        0.42        9.81781
    0.78        0.42        9.81486
    0.79        0.42        9.81208
    0.8        0.42        9.80948
    0.81        0.42        9.80705
    0.82        0.42        9.80478
    0.83        0.42        9.80268
    0.84        0.42        9.80073
    0.85        0.42        9.79894
    0.86        0.42        9.7973
    0.87        0.42        9.79581
    0.88        0.42        9.79447
    0.89        0.42        9.79328
    0.9        0.42        9.79224
    0.91        0.42        9.79112
    0.92        0.42        9.78992
    0.93        0.42        9.78864
    0.94        0.42        9.78729
    0.95        0.42        9.78608
    0.96        0.42        9.78503
    0.97        0.42        9.78413
    0.98        0.42        9.78338
    0.99        0.42        9.78279
    1        0.42        9.78235
    0.51        0.43        9.99375
    0.52        0.43        9.98212
    0.53        0.43        9.97127
    0.54        0.43        9.96114
    0.55        0.43        9.95166
    0.56        0.43        9.94277
    0.57        0.43        9.93441
    0.58        0.43        9.92654
    0.59        0.43        9.91913
    0.6        0.43        9.91212
    0.61        0.43        9.9055
    0.62        0.43        9.89924
    0.63        0.43        9.89331
    0.64        0.43        9.88768
    0.65        0.43        9.88235
    0.66        0.43        9.87729
    0.67        0.43        9.87249
    0.68        0.43        9.86794
    0.69        0.43        9.86362
    0.7        0.43        9.85952
    0.71        0.43        9.85563
    0.72        0.43        9.85194
    0.73        0.43        9.84845
    0.74        0.43        9.84515
    0.75        0.43        9.84203
    0.76        0.43        9.83908
    0.77        0.43        9.8363
    0.78        0.43        9.83368
    0.79        0.43        9.83122
    0.8        0.43        9.82891
    0.81        0.43        9.82676
    0.82        0.43        9.82475
    0.83        0.43        9.82288
    0.84        0.43        9.82116
    0.85        0.43        9.81957
    0.86        0.43        9.81812
    0.87        0.43        9.8168
    0.88        0.43        9.81562
    0.89        0.43        9.81457
    0.9        0.43        9.81365
    0.91        0.43        9.81286
    0.92        0.43        9.81198
    0.93        0.43        9.81101
    0.94        0.43        9.80994
    0.95        0.43        9.80879
    0.96        0.43        9.80777
    0.97        0.43        9.8069
    0.98        0.43        9.80616
    0.99        0.43        9.80558
    1        0.43        9.80513
    0.51        0.44        9.99432
    0.52        0.44        9.98381
    0.53        0.44        9.97408
    0.54        0.44        9.96503
    0.55        0.44        9.9566
    0.56        0.44        9.94872
    0.57        0.44        9.94134
    0.58        0.44        9.93441
    0.59        0.44        9.92788
    0.6        0.44        9.92174
    0.61        0.44        9.91593
    0.62        0.44        9.91044
    0.63        0.44        9.90525
    0.64        0.44        9.90033
    0.65        0.44        9.89567
    0.66        0.44        9.89126
    0.67        0.44        9.88707
    0.68        0.44        9.88309
    0.69        0.44        9.87932
    0.7        0.44        9.87575
    0.71        0.44        9.87236
    0.72        0.44        9.86915
    0.73        0.44        9.8661
    0.74        0.44        9.86323
    0.75        0.44        9.86051
    0.76        0.44        9.85794
    0.77        0.44        9.85552
    0.78        0.44        9.85324
    0.79        0.44        9.8511
    0.8        0.44        9.84909
    0.81        0.44        9.84722
    0.82        0.44        9.84547
    0.83        0.44        9.84385
    0.84        0.44        9.84235
    0.85        0.44        9.84097
    0.86        0.44        9.83971
    0.87        0.44        9.83856
    0.88        0.44        9.83754
    0.89        0.44        9.83663
    0.9        0.44        9.83583
    0.91        0.44        9.83515
    0.92        0.44        9.83459
    0.93        0.44        9.83392
    0.94        0.44        9.83314
    0.95        0.44        9.83226
    0.96        0.44        9.83128
    0.97        0.44        9.83043
    0.98        0.44        9.8297
    0.99        0.44        9.82912
    1        0.44        9.82867
    0.51        0.45        9.99493
    0.52        0.45        9.98564
    0.53        0.45        9.9771
    0.54        0.45        9.96921
    0.55        0.45        9.96189
    0.56        0.45        9.95508
    0.57        0.45        9.94872
    0.58        0.45        9.94276
    0.59        0.45        9.93717
    0.6        0.45        9.9319
    0.61        0.45        9.92694
    0.62        0.45        9.92225
    0.63        0.45        9.91782
    0.64        0.45        9.91363
    0.65        0.45        9.90965
    0.66        0.45        9.90589
    0.67        0.45        9.90232
    0.68        0.45        9.89894
    0.69        0.45        9.89573
    0.7        0.45        9.89269
    0.71        0.45        9.88981
    0.72        0.45        9.88708
    0.73        0.45        9.88449
    0.74        0.45        9.88205
    0.75        0.45        9.87974
    0.76        0.45        9.87755
    0.77        0.45        9.8755
    0.78        0.45        9.87356
    0.79        0.45        9.87174
    0.8        0.45        9.87004
    0.81        0.45        9.86845
    0.82        0.45        9.86696
    0.83        0.45        9.86559
    0.84        0.45        9.86431
    0.85        0.45        9.86314
    0.86        0.45        9.86208
    0.87        0.45        9.86111
    0.88        0.45        9.86024
    0.89        0.45        9.85947
    0.9        0.45        9.8588
    0.91        0.45        9.85822
    0.92        0.45        9.85775
    0.93        0.45        9.85738
    0.94        0.45        9.85689
    0.95        0.45        9.85628
    0.96        0.45        9.85556
    0.97        0.45        9.85472
    0.98        0.45        9.85401
    0.99        0.45        9.85342
    1        0.45        9.85297
    0.51        0.46        9.99559
    0.52        0.46        9.98762
    0.53        0.46        9.98036
    0.54        0.46        9.97371
    0.55        0.46        9.96757
    0.56        0.46        9.96189
    0.57        0.46        9.9566
    0.58        0.46        9.95166
    0.59        0.46        9.94702
    0.6        0.46        9.94267
    0.61        0.46        9.93857
    0.62        0.46        9.9347
    0.63        0.46        9.93105
    0.64        0.46        9.9276
    0.65        0.46        9.92433
    0.66        0.46        9.92123
    0.67        0.46        9.91829
    0.68        0.46        9.91551
    0.69        0.46        9.91287
    0.7        0.46        9.91037
    0.71        0.46        9.90801
    0.72        0.46        9.90576
    0.73        0.46        9.90364
    0.74        0.46        9.90163
    0.75        0.46        9.89973
    0.76        0.46        9.89794
    0.77        0.46        9.89625
    0.78        0.46        9.89467
    0.79        0.46        9.89317
    0.8        0.46        9.89178
    0.81        0.46        9.89047
    0.82        0.46        9.88925
    0.83        0.46        9.88812
    0.84        0.46        9.88708
    0.85        0.46        9.88612
    0.86        0.46        9.88524
    0.87        0.46        9.88445
    0.88        0.46        9.88374
    0.89        0.46        9.88311
    0.9        0.46        9.88256
    0.91        0.46        9.8821
    0.92        0.46        9.88171
    0.93        0.46        9.88142
    0.94        0.46        9.88121
    0.95        0.46        9.88086
    0.96        0.46        9.88039
    0.97        0.46        9.8798
    0.98        0.46        9.87909
    0.99        0.46        9.8785
    1        0.46        9.87803
    0.51        0.47        9.99632
    0.52        0.47        9.98979
    0.53        0.47        9.98391
    0.54        0.47        9.97858
    0.55        0.47        9.9737
    0.56        0.47        9.9692
    0.57        0.47        9.96503
    0.58        0.47        9.96114
    0.59        0.47        9.9575
    0.6        0.47        9.95408
    0.61        0.47        9.95087
    0.62        0.47        9.94784
    0.63        0.47        9.94498
    0.64        0.47        9.94228
    0.65        0.47        9.93972
    0.66        0.47        9.9373
    0.67        0.47        9.93501
    0.68        0.47        9.93284
    0.69        0.47        9.93078
    0.7        0.47        9.92883
    0.71        0.47        9.92698
    0.72        0.47        9.92523
    0.73        0.47        9.92357
    0.74        0.47        9.92201
    0.75        0.47        9.92053
    0.76        0.47        9.91913
    0.77        0.47        9.91781
    0.78        0.47        9.91657
    0.79        0.47        9.91541
    0.8        0.47        9.91432
    0.81        0.47        9.9133
    0.82        0.47        9.91235
    0.83        0.47        9.91147
    0.84        0.47        9.91066
    0.85        0.47        9.90991
    0.86        0.47        9.90923
    0.87        0.47        9.90861
    0.88        0.47        9.90806
    0.89        0.47        9.90757
    0.9        0.47        9.90715
    0.91        0.47        9.90679
    0.92        0.47        9.90649
    0.93        0.47        9.90626
    0.94        0.47        9.90611
    0.95        0.47        9.90603
    0.96        0.47        9.9058
    0.97        0.47        9.90544
    0.98        0.47        9.90495
    0.99        0.47        9.90435
    1        0.47        9.90387
    0.51        0.48        9.99714
    0.52        0.48        9.99219
    0.53        0.48        9.98783
    0.54        0.48        9.98391
    0.55        0.48        9.98036
    0.56        0.48        9.9771
    0.57        0.48        9.97408
    0.58        0.48        9.97127
    0.59        0.48        9.96865
    0.6        0.48        9.96619
    0.61        0.48        9.96388
    0.62        0.48        9.96171
    0.63        0.48        9.95966
    0.64        0.48        9.95772
    0.65        0.48        9.95589
    0.66        0.48        9.95415
    0.67        0.48        9.95251
    0.68        0.48        9.95095
    0.69        0.48        9.94948
    0.7        0.48        9.94808
    0.71        0.48        9.94676
    0.72        0.48        9.9455
    0.73        0.48        9.94432
    0.74        0.48        9.9432
    0.75        0.48        9.94214
    0.76        0.48        9.94114
    0.77        0.48        9.94019
    0.78        0.48        9.93931
    0.79        0.48        9.93847
    0.8        0.48        9.93769
    0.81        0.48        9.93697
    0.82        0.48        9.93629
    0.83        0.48        9.93566
    0.84        0.48        9.93508
    0.85        0.48        9.93454
    0.86        0.48        9.93405
    0.87        0.48        9.93361
    0.88        0.48        9.93322
    0.89        0.48        9.93287
    0.9        0.48        9.93257
    0.91        0.48        9.93231
    0.92        0.48        9.9321
    0.93        0.48        9.93194
    0.94        0.48        9.93183
    0.95        0.48        9.93178
    0.96        0.48        9.9318
    0.97        0.48        9.93166
    0.98        0.48        9.93138
    0.99        0.48        9.93098
    1        0.48        9.93049
    0.51        0.49        9.99807
    0.52        0.49        9.9949
    0.53        0.49        9.99219
    0.54        0.49        9.98979
    0.55        0.49        9.98762
    0.56        0.49        9.98564
    0.57        0.49        9.98381
    0.58        0.49        9.98212
    0.59        0.49        9.98054
    0.6        0.49        9.97906
    0.61        0.49        9.97767
    0.62        0.49        9.97636
    0.63        0.49        9.97512
    0.64        0.49        9.97395
    0.65        0.49        9.97285
    0.66        0.49        9.97181
    0.67        0.49        9.97082
    0.68        0.49        9.96988
    0.69        0.49        9.969
    0.7        0.49        9.96816
    0.71        0.49        9.96736
    0.72        0.49        9.96661
    0.73        0.49        9.9659
    0.74        0.49        9.96522
    0.75        0.49        9.96459
    0.76        0.49        9.96398
    0.77        0.49        9.96342
    0.78        0.49        9.96289
    0.79        0.49        9.96239
    0.8        0.49        9.96192
    0.81        0.49        9.96148
    0.82        0.49        9.96107
    0.83        0.49        9.96069
    0.84        0.49        9.96034
    0.85        0.49        9.96002
    0.86        0.49        9.95973
    0.87        0.49        9.95947
    0.88        0.49        9.95923
    0.89        0.49        9.95902
    0.9        0.49        9.95884
    0.91        0.49        9.95868
    0.92        0.49        9.95856
    0.93        0.49        9.95847
    0.94        0.49        9.9584
    0.95        0.49        9.95838
    0.96        0.49        9.95839
    0.97        0.49        9.95846
    0.98        0.49        9.95837
    0.99        0.49        9.95816
    1        0.49        9.95786
    0.51        0.5        9.99921
    0.52        0.5        9.99807
    0.53        0.5        9.99714
    0.54        0.5        9.99632
    0.55        0.5        9.99559
    0.56        0.5        9.99493
    0.57        0.5        9.99432
    0.58        0.5        9.99375
    0.59        0.5        9.99322
    0.6        0.5        9.99273
    0.61        0.5        9.99226
    0.62        0.5        9.99183
    0.63        0.5        9.99141
    0.64        0.5        9.99103
    0.65        0.5        9.99066
    0.66        0.5        9.99031
    0.67        0.5        9.98998
    0.68        0.5        9.98967
    0.69        0.5        9.98937
    0.7        0.5        9.98909
    0.71        0.5        9.98883
    0.72        0.5        9.98857
    0.73        0.5        9.98834
    0.74        0.5        9.98811
    0.75        0.5        9.9879
    0.76        0.5        9.9877
    0.77        0.5        9.98751
    0.78        0.5        9.98733
    0.79        0.5        9.98717
    0.8        0.5        9.98701
    0.81        0.5        9.98686
    0.82        0.5        9.98673
    0.83        0.5        9.9866
    0.84        0.5        9.98648
    0.85        0.5        9.98638
    0.86        0.5        9.98628
    0.87        0.5        9.98619
    0.88        0.5        9.98611
    0.89        0.5        9.98604
    0.9        0.5        9.98598
    0.91        0.5        9.98593
    0.92        0.5        9.98589
    0.93        0.5        9.98586
    0.94        0.5        9.98584
    0.95        0.5        9.98583
    0.96        0.5        9.98584
    0.97        0.5        9.98587
    0.98        0.5        9.98593
    0.99        0.5        9.98588
    1        0.5        9.98577
