x position        y position        field value
    0.01        0.01        9.99948
    0.02        0.01        9.99856
    0.03        0.01        9.99768
    0.04        0.01        9.99687
    0.05        0.01        9.99614
    0.06        0.01        9.99547
    0.07        0.01        9.99484
    0.08        0.01        9.99426
    0.09        0.01        9.99372
    0.1        0.01        9.99321
    0.11        0.01        9.99273
    0.12        0.01        9.99227
    0.13        0.01        9.99184
    0.14        0.01        9.99144
    0.15        0.01        9.99105
    0.16        0.01        9.99069
    0.17        0.01        9.99034
    0.18        0.01        9.99001
    0.19        0.01        9.9897
    0.2        0.01        9.9894
    0.21        0.01        9.98912
    0.22        0.01        9.98885
    0.23        0.01        9.98859
    0.24        0.01        9.98835
    0.25        0.01        9.98812
    0.26        0.01        9.9879
    0.27        0.01        9.98769
    0.28        0.01        9.9875
    0.29        0.01        9.98731
    0.3        0.01        9.98714
    0.31        0.01        9.98697
    0.32        0.01        9.98682
    0.33        0.01        9.98668
    0.34        0.01        9.98654
    0.35        0.01        9.98642
    0.36        0.01        9.9863
    0.37        0.01        9.9862
    0.38        0.01        9.9861
    0.39        0.01        9.98601
    0.4        0.01        9.98593
    0.41        0.01        9.98586
    0.42        0.01        9.9858
    0.43        0.01        9.98575
    0.44        0.01        9.98571
    0.45        0.01        9.98568
    0.46        0.01        9.98567
    0.47        0.01        9.98567
    0.48        0.01        9.98569
    0.49        0.01        9.98574
    0.5        0.01        9.98583
    0.01        0.02        9.99856
    0.02        0.02        9.99588
    0.03        0.02        9.99341
    0.04        0.02        9.991
    0.05        0.02        9.98881
    0.06        0.02        9.9868
    0.07        0.02        9.98494
    0.08        0.02        9.9832
    0.09        0.02        9.98157
    0.1        0.02        9.98004
    0.11        0.02        9.9786
    0.12        0.02        9.97724
    0.13        0.02        9.97596
    0.14        0.02        9.97474
    0.15        0.02        9.97359
    0.16        0.02        9.97249
    0.17        0.02        9.97145
    0.18        0.02        9.97046
    0.19        0.02        9.96952
    0.2        0.02        9.96863
    0.21        0.02        9.96778
    0.22        0.02        9.96698
    0.23        0.02        9.96621
    0.24        0.02        9.96548
    0.25        0.02        9.96479
    0.26        0.02        9.96414
    0.27        0.02        9.96352
    0.28        0.02        9.96293
    0.29        0.02        9.96238
    0.3        0.02        9.96186
    0.31        0.02        9.96136
    0.32        0.02        9.9609
    0.33        0.02        9.96047
    0.34        0.02        9.96007
    0.35        0.02        9.95969
    0.36        0.02        9.95935
    0.37        0.02        9.95903
    0.38        0.02        9.95874
    0.39        0.02        9.95847
    0.4        0.02        9.95824
    0.41        0.02        9.95803
    0.42        0.02        9.95785
    0.43        0.02        9.9577
    0.44        0.02        9.95758
    0.45        0.02        9.95749
    0.46        0.02        9.95744
    0.47        0.02        9.95744
    0.48        0.02        9.95749
    0.49        0.02        9.95761
    0.5        0.02        9.95785
    0.01        0.03        9.99767
    0.02        0.03        9.99344
    0.03        0.03        9.98953
    0.04        0.03        9.98581
    0.05        0.03        9.98221
    0.06        0.03        9.97889
    0.07        0.03        9.9758
    0.08        0.03        9.97292
    0.09        0.03        9.97023
    0.1        0.03        9.96769
    0.11        0.03        9.9653
    0.12        0.03        9.96304
    0.13        0.03        9.96091
    0.14        0.03        9.95888
    0.15        0.03        9.95696
    0.16        0.03        9.95514
    0.17        0.03        9.95341
    0.18        0.03        9.95177
    0.19        0.03        9.95021
    0.2        0.03        9.94872
    0.21        0.03        9.94731
    0.22        0.03        9.94597
    0.23        0.03        9.94469
    0.24        0.03        9.94348
    0.25        0.03        9.94233
    0.26        0.03        9.94124
    0.27        0.03        9.94021
    0.28        0.03        9.93923
    0.29        0.03        9.93831
    0.3        0.03        9.93744
    0.31        0.03        9.93662
    0.32        0.03        9.93586
    0.33        0.03        9.93514
    0.34        0.03        9.93447
    0.35        0.03        9.93384
    0.36        0.03        9.93326
    0.37        0.03        9.93273
    0.38        0.03        9.93225
    0.39        0.03        9.93181
    0.4        0.03        9.93141
    0.41        0.03        9.93106
    0.42        0.03        9.93076
    0.43        0.03        9.93051
    0.44        0.03        9.93031
    0.45        0.03        9.93016
    0.46        0.03        9.93007
    0.47        0.03        9.93005
    0.48        0.03        9.93011
    0.49        0.03        9.93027
    0.5        0.03        9.93057
    0.01        0.04        9.99678
    0.02        0.04        9.99114
    0.03        0.04        9.9859
    0.04        0.04        9.98096
    0.05        0.04        9.97623
    0.06        0.04        9.97164
    0.07        0.04        9.96736
    0.08        0.04        9.96337
    0.09        0.04        9.95962
    0.1        0.04        9.95609
    0.11        0.04        9.95276
    0.12        0.04        9.94962
    0.13        0.04        9.94664
    0.14        0.04        9.94382
    0.15        0.04        9.94114
    0.16        0.04        9.9386
    0.17        0.04        9.93619
    0.18        0.04        9.93389
    0.19        0.04        9.93171
    0.2        0.04        9.92964
    0.21        0.04        9.92766
    0.22        0.04        9.92579
    0.23        0.04        9.92401
    0.24        0.04        9.92232
    0.25        0.04        9.92071
    0.26        0.04        9.91919
    0.27        0.04        9.91775
    0.28        0.04        9.91638
    0.29        0.04        9.91509
    0.3        0.04        9.91388
    0.31        0.04        9.91273
    0.32        0.04        9.91166
    0.33        0.04        9.91065
    0.34        0.04        9.90972
    0.35        0.04        9.90884
    0.36        0.04        9.90803
    0.37        0.04        9.90729
    0.38        0.04        9.90661
    0.39        0.04        9.90599
    0.4        0.04        9.90544
    0.41        0.04        9.90495
    0.42        0.04        9.90453
    0.43        0.04        9.90417
    0.44        0.04        9.90389
    0.45        0.04        9.90367
    0.46        0.04        9.90354
    0.47        0.04        9.90349
    0.48        0.04        9.90354
    0.49        0.04        9.9037
    0.5        0.04        9.90399
    0.01        0.05        9.99602
    0.02        0.05        9.98887
    0.03        0.05        9.98243
    0.04        0.05        9.97635
    0.05        0.05        9.97055
    0.06        0.05        9.96497
    0.07        0.05        9.95955
    0.08        0.05        9.95447
    0.09        0.05        9.94969
    0.1        0.05        9.94519
    0.11        0.05        9.94095
    0.12        0.05        9.93693
    0.13        0.05        9.93312
    0.14        0.05        9.92951
    0.15        0.05        9.92609
    0.16        0.05        9.92283
    0.17        0.05        9.91974
    0.18        0.05        9.9168
    0.19        0.05        9.91401
    0.2        0.05        9.91135
    0.21        0.05        9.90882
    0.22        0.05        9.90642
    0.23        0.05        9.90413
    0.24        0.05        9.90197
    0.25        0.05        9.89991
    0.26        0.05        9.89795
    0.27        0.05        9.89611
    0.28        0.05        9.89436
    0.29        0.05        9.8927
    0.3        0.05        9.89114
    0.31        0.05        9.88968
    0.32        0.05        9.8883
    0.33        0.05        9.88701
    0.34        0.05        9.8858
    0.35        0.05        9.88468
    0.36        0.05        9.88364
    0.37        0.05        9.88268
    0.38        0.05        9.88181
    0.39        0.05        9.88102
    0.4        0.05        9.88031
    0.41        0.05        9.87968
    0.42        0.05        9.87913
    0.43        0.05        9.87867
    0.44        0.05        9.87829
    0.45        0.05        9.87801
    0.46        0.05        9.87782
    0.47        0.05        9.87773
    0.48        0.05        9.87775
    0.49        0.05        9.87789
    0.5        0.05        9.87816
    0.01        0.06        9.99532
    0.02        0.06        9.98681
    0.03        0.06        9.97903
    0.04        0.06        9.9719
    0.05        0.06        9.96511
    0.06        0.06        9.95859
    0.07        0.06        9.95229
    0.08        0.06        9.94616
    0.09        0.06        9.94039
    0.1        0.06        9.93494
    0.11        0.06        9.9298
    0.12        0.06        9.92492
    0.13        0.06        9.9203
    0.14        0.06        9.91592
    0.15        0.06        9.91176
    0.16        0.06        9.9078
    0.17        0.06        9.90404
    0.18        0.06        9.90047
    0.19        0.06        9.89707
    0.2        0.06        9.89383
    0.21        0.06        9.89075
    0.22        0.06        9.88783
    0.23        0.06        9.88505
    0.24        0.06        9.8824
    0.25        0.06        9.8799
    0.26        0.06        9.87752
    0.27        0.06        9.87526
    0.28        0.06        9.87313
    0.29        0.06        9.87112
    0.3        0.06        9.86922
    0.31        0.06        9.86743
    0.32        0.06        9.86574
    0.33        0.06        9.86417
    0.34        0.06        9.8627
    0.35        0.06        9.86133
    0.36        0.06        9.86006
    0.37        0.06        9.8589
    0.38        0.06        9.85783
    0.39        0.06        9.85686
    0.4        0.06        9.85599
    0.41        0.06        9.85522
    0.42        0.06        9.85454
    0.43        0.06        9.85397
    0.44        0.06        9.8535
    0.45        0.06        9.85314
    0.46        0.06        9.85289
    0.47        0.06        9.85275
    0.48        0.06        9.85274
    0.49        0.06        9.85285
    0.5        0.06        9.8531
    0.01        0.07        9.99469
    0.02        0.07        9.98491
    0.03        0.07        9.9759
    0.04        0.07        9.96757
    0.05        0.07        9.95984
    0.06        0.07        9.95244
    0.07        0.07        9.94531
    0.08        0.07        9.9384
    0.09        0.07        9.93166
    0.1        0.07        9.9253
    0.11        0.07        9.91927
    0.12        0.07        9.91357
    0.13        0.07        9.90815
    0.14        0.07        9.90301
    0.15        0.07        9.89812
    0.16        0.07        9.89348
    0.17        0.07        9.88906
    0.18        0.07        9.88486
    0.19        0.07        9.88086
    0.2        0.07        9.87705
    0.21        0.07        9.87343
    0.22        0.07        9.86999
    0.23        0.07        9.86672
    0.24        0.07        9.86361
    0.25        0.07        9.86066
    0.26        0.07        9.85786
    0.27        0.07        9.8552
    0.28        0.07        9.85269
    0.29        0.07        9.85032
    0.3        0.07        9.84808
    0.31        0.07        9.84597
    0.32        0.07        9.84399
    0.33        0.07        9.84213
    0.34        0.07        9.8404
    0.35        0.07        9.83878
    0.36        0.07        9.83729
    0.37        0.07        9.83591
    0.38        0.07        9.83465
    0.39        0.07        9.8335
    0.4        0.07        9.83247
    0.41        0.07        9.83156
    0.42        0.07        9.83076
    0.43        0.07        9.83008
    0.44        0.07        9.82951
    0.45        0.07        9.82907
    0.46        0.07        9.82875
    0.47        0.07        9.82856
    0.48        0.07        9.8285
    0.49        0.07        9.82858
    0.5        0.07        9.8288
    0.01        0.08        9.9941
    0.02        0.08        9.98315
    0.03        0.08        9.97298
    0.04        0.08        9.96352
    0.05        0.08        9.95471
    0.06        0.08        9.94648
    0.07        0.08        9.93856
    0.08        0.08        9.9309
    0.09        0.08        9.92346
    0.1        0.08        9.91621
    0.11        0.08        9.90934
    0.12        0.08        9.90281
    0.13        0.08        9.89662
    0.14        0.08        9.89074
    0.15        0.08        9.88515
    0.16        0.08        9.87983
    0.17        0.08        9.87476
    0.18        0.08        9.86994
    0.19        0.08        9.86536
    0.2        0.08        9.86099
    0.21        0.08        9.85684
    0.22        0.08        9.85289
    0.23        0.08        9.84913
    0.24        0.08        9.84556
    0.25        0.08        9.84217
    0.26        0.08        9.83895
    0.27        0.08        9.8359
    0.28        0.08        9.83301
    0.29        0.08        9.83028
    0.3        0.08        9.82771
    0.31        0.08        9.82528
    0.32        0.08        9.823
    0.33        0.08        9.82087
    0.34        0.08        9.81887
    0.35        0.08        9.81702
    0.36        0.08        9.8153
    0.37        0.08        9.81371
    0.38        0.08        9.81226
    0.39        0.08        9.81093
    0.4        0.08        9.80974
    0.41        0.08        9.80868
    0.42        0.08        9.80776
    0.43        0.08        9.80696
    0.44        0.08        9.8063
    0.45        0.08        9.80577
    0.46        0.08        9.80538
    0.47        0.08        9.80514
    0.48        0.08        9.80503
    0.49        0.08        9.80507
    0.5        0.08        9.80526
    0.01        0.09        9.99354
    0.02        0.09        9.9815
    0.03        0.09        9.97025
    0.04        0.09        9.95973
    0.05        0.09        9.94989
    0.06        0.09        9.94066
    0.07        0.09        9.932
    0.08        0.09        9.92363
    0.09        0.09        9.91553
    0.1        0.09        9.90764
    0.11        0.09        9.89994
    0.12        0.09        9.89264
    0.13        0.09        9.88569
    0.14        0.09        9.87908
    0.15        0.09        9.8728
    0.16        0.09        9.86682
    0.17        0.09        9.86112
    0.18        0.09        9.8557
    0.19        0.09        9.85054
    0.2        0.09        9.84562
    0.21        0.09        9.84094
    0.22        0.09        9.83649
    0.23        0.09        9.83225
    0.24        0.09        9.82823
    0.25        0.09        9.8244
    0.26        0.09        9.82077
    0.27        0.09        9.81733
    0.28        0.09        9.81408
    0.29        0.09        9.811
    0.3        0.09        9.80809
    0.31        0.09        9.80535
    0.32        0.09        9.80278
    0.33        0.09        9.80037
    0.34        0.09        9.79811
    0.35        0.09        9.79601
    0.36        0.09        9.79407
    0.37        0.09        9.79227
    0.38        0.09        9.79063
    0.39        0.09        9.78913
    0.4        0.09        9.78778
    0.41        0.09        9.78658
    0.42        0.09        9.78552
    0.43        0.09        9.78461
    0.44        0.09        9.78385
    0.45        0.09        9.78324
    0.46        0.09        9.78278
    0.47        0.09        9.78247
    0.48        0.09        9.78231
    0.49        0.09        9.78231
    0.5        0.09        9.78247
    0.01        0.1        9.99303
    0.02        0.1        9.97996
    0.03        0.1        9.96769
    0.04        0.1        9.95618
    0.05        0.1        9.94535
    0.06        0.1        9.93518
    0.07        0.1        9.92559
    0.08        0.1        9.91656
    0.09        0.1        9.90782
    0.1        0.1        9.89933
    0.11        0.1        9.89106
    0.12        0.1        9.88299
    0.13        0.1        9.87531
    0.14        0.1        9.86801
    0.15        0.1        9.86105
    0.16        0.1        9.85442
    0.17        0.1        9.84811
    0.18        0.1        9.8421
    0.19        0.1        9.83637
    0.2        0.1        9.83091
    0.21        0.1        9.82572
    0.22        0.1        9.82077
    0.23        0.1        9.81607
    0.24        0.1        9.81159
    0.25        0.1        9.80734
    0.26        0.1        9.80331
    0.27        0.1        9.79948
    0.28        0.1        9.79586
    0.29        0.1        9.79244
    0.3        0.1        9.7892
    0.31        0.1        9.78616
    0.32        0.1        9.78329
    0.33        0.1        9.78061
    0.34        0.1        9.7781
    0.35        0.1        9.77576
    0.36        0.1        9.77359
    0.37        0.1        9.77159
    0.38        0.1        9.76975
    0.39        0.1        9.76808
    0.4        0.1        9.76657
    0.41        0.1        9.76523
    0.42        0.1        9.76404
    0.43        0.1        9.76301
    0.44        0.1        9.76215
    0.45        0.1        9.76145
    0.46        0.1        9.76092
    0.47        0.1        9.76054
    0.48        0.1        9.76034
    0.49        0.1        9.7603
    0.5        0.1        9.76043
    0.01        0.11        9.99254
    0.02        0.11        9.9785
    0.03        0.11        9.96528
    0.04        0.11        9.95282
    0.05        0.11        9.94108
    0.06        0.11        9.92999
    0.07        0.11        9.91953
    0.08        0.11        9.90965
    0.09        0.11        9.90031
    0.1        0.11        9.89125
    0.11        0.11        9.88244
    0.12        0.11        9.87386
    0.13        0.11        9.86547
    0.14        0.11        9.85748
    0.15        0.11        9.84987
    0.16        0.11        9.84261
    0.17        0.11        9.8357
    0.18        0.11        9.82911
    0.19        0.11        9.82283
    0.2        0.11        9.81684
    0.21        0.11        9.81114
    0.22        0.11        9.80571
    0.23        0.11        9.80055
    0.24        0.11        9.79564
    0.25        0.11        9.79097
    0.26        0.11        9.78653
    0.27        0.11        9.78233
    0.28        0.11        9.77835
    0.29        0.11        9.77458
    0.3        0.11        9.77103
    0.31        0.11        9.76768
    0.32        0.11        9.76453
    0.33        0.11        9.76157
    0.34        0.11        9.75881
    0.35        0.11        9.75623
    0.36        0.11        9.75385
    0.37        0.11        9.75164
    0.38        0.11        9.74962
    0.39        0.11        9.74777
    0.4        0.11        9.7461
    0.41        0.11        9.74461
    0.42        0.11        9.7433
    0.43        0.11        9.74216
    0.44        0.11        9.74119
    0.45        0.11        9.7404
    0.46        0.11        9.73979
    0.47        0.11        9.73935
    0.48        0.11        9.7391
    0.49        0.11        9.73902
    0.5        0.11        9.73911
    0.01        0.12        9.99209
    0.02        0.12        9.97713
    0.03        0.12        9.96301
    0.04        0.12        9.94966
    0.05        0.12        9.93703
    0.06        0.12        9.92509
    0.07        0.12        9.91379
    0.08        0.12        9.9031
    0.09        0.12        9.89297
    0.1        0.12        9.88337
    0.11        0.12        9.87405
    0.12        0.12        9.86497
    0.13        0.12        9.85612
    0.14        0.12        9.84747
    0.15        0.12        9.83923
    0.16        0.12        9.83136
    0.17        0.12        9.82386
    0.18        0.12        9.81671
    0.19        0.12        9.80989
    0.2        0.12        9.80339
    0.21        0.12        9.79719
    0.22        0.12        9.79129
    0.23        0.12        9.78568
    0.24        0.12        9.78033
    0.25        0.12        9.77526
    0.26        0.12        9.77043
    0.27        0.12        9.76586
    0.28        0.12        9.76152
    0.29        0.12        9.75742
    0.3        0.12        9.75355
    0.31        0.12        9.7499
    0.32        0.12        9.74646
    0.33        0.12        9.74324
    0.34        0.12        9.74023
    0.35        0.12        9.73742
    0.36        0.12        9.73482
    0.37        0.12        9.73241
    0.38        0.12        9.7302
    0.39        0.12        9.72818
    0.4        0.12        9.72636
    0.41        0.12        9.72472
    0.42        0.12        9.72328
    0.43        0.12        9.72202
    0.44        0.12        9.72096
    0.45        0.12        9.72008
    0.46        0.12        9.71939
    0.47        0.12        9.71889
    0.48        0.12        9.71858
    0.49        0.12        9.71846
    0.5        0.12        9.71852
    0.01        0.13        9.99165
    0.02        0.13        9.97584
    0.03        0.13        9.96086
    0.04        0.13        9.94666
    0.05        0.13        9.93321
    0.06        0.13        9.92045
    0.07        0.13        9.90835
    0.08        0.13        9.89688
    0.09        0.13        9.88599
    0.1        0.13        9.87566
    0.11        0.13        9.86585
    0.12        0.13        9.85632
    0.13        0.13        9.84703
    0.14        0.13        9.83797
    0.15        0.13        9.8291
    0.16        0.13        9.82064
    0.17        0.13        9.81257
    0.18        0.13        9.80488
    0.19        0.13        9.79753
    0.2        0.13        9.79053
    0.21        0.13        9.78385
    0.22        0.13        9.77749
    0.23        0.13        9.77143
    0.24        0.13        9.76567
    0.25        0.13        9.76019
    0.26        0.13        9.75498
    0.27        0.13        9.75004
    0.28        0.13        9.74536
    0.29        0.13        9.74093
    0.3        0.13        9.73675
    0.31        0.13        9.7328
    0.32        0.13        9.72909
    0.33        0.13        9.72561
    0.34        0.13        9.72235
    0.35        0.13        9.71931
    0.36        0.13        9.71649
    0.37        0.13        9.71388
    0.38        0.13        9.71149
    0.39        0.13        9.7093
    0.4        0.13        9.70732
    0.41        0.13        9.70554
    0.42        0.13        9.70397
    0.43        0.13        9.7026
    0.44        0.13        9.70143
    0.45        0.13        9.70046
    0.46        0.13        9.6997
    0.47        0.13        9.69913
    0.48        0.13        9.69877
    0.49        0.13        9.69861
    0.5        0.13        9.69864
    0.01        0.14        9.99125
    0.02        0.14        9.97462
    0.03        0.14        9.95882
    0.04        0.14        9.94383
    0.05        0.14        9.92958
    0.06        0.14        9.91605
    0.07        0.14        9.90319
    0.08        0.14        9.89097
    0.09        0.14        9.87936
    0.1        0.14        9.86833
    0.11        0.14        9.85784
    0.12        0.14        9.84787
    0.13        0.14        9.83816
    0.14        0.14        9.82871
    0.15        0.14        9.81947
    0.16        0.14        9.81044
    0.17        0.14        9.80182
    0.18        0.14        9.79359
    0.19        0.14        9.78573
    0.2        0.14        9.77824
    0.21        0.14        9.7711
    0.22        0.14        9.76428
    0.23        0.14        9.7578
    0.24        0.14        9.75162
    0.25        0.14        9.74575
    0.26        0.14        9.74017
    0.27        0.14        9.73487
    0.28        0.14        9.72985
    0.29        0.14        9.7251
    0.3        0.14        9.72061
    0.31        0.14        9.71637
    0.32        0.14        9.71239
    0.33        0.14        9.70865
    0.34        0.14        9.70515
    0.35        0.14        9.70188
    0.36        0.14        9.69885
    0.37        0.14        9.69605
    0.38        0.14        9.69347
    0.39        0.14        9.69111
    0.4        0.14        9.68898
    0.41        0.14        9.68706
    0.42        0.14        9.68536
    0.43        0.14        9.68388
    0.44        0.14        9.68261
    0.45        0.14        9.68155
    0.46        0.14        9.68071
    0.47        0.14        9.68008
    0.48        0.14        9.67966
    0.49        0.14        9.67946
    0.5        0.14        9.67946
    0.01        0.15        9.99086
    0.02        0.15        9.97346
    0.03        0.15        9.9569
    0.04        0.15        9.94114
    0.05        0.15        9.92614
    0.06        0.15        9.91187
    0.07        0.15        9.89828
    0.08        0.15        9.88536
    0.09        0.15        9.87306
    0.1        0.15        9.86135
    0.11        0.15        9.8502
    0.12        0.15        9.8396
    0.13        0.15        9.8295
    0.14        0.15        9.81967
    0.15        0.15        9.81009
    0.16        0.15        9.80073
    0.17        0.15        9.79157
    0.18        0.15        9.78283
    0.19        0.15        9.77448
    0.2        0.15        9.76651
    0.21        0.15        9.7589
    0.22        0.15        9.75166
    0.23        0.15        9.74475
    0.24        0.15        9.73817
    0.25        0.15        9.73191
    0.26        0.15        9.72597
    0.27        0.15        9.72032
    0.28        0.15        9.71497
    0.29        0.15        9.7099
    0.3        0.15        9.70511
    0.31        0.15        9.70059
    0.32        0.15        9.69634
    0.33        0.15        9.69235
    0.34        0.15        9.68861
    0.35        0.15        9.68512
    0.36        0.15        9.68188
    0.37        0.15        9.67888
    0.38        0.15        9.67613
    0.39        0.15        9.6736
    0.4        0.15        9.67132
    0.41        0.15        9.66926
    0.42        0.15        9.66743
    0.43        0.15        9.66584
    0.44        0.15        9.66447
    0.45        0.15        9.66332
    0.46        0.15        9.6624
    0.47        0.15        9.66171
    0.48        0.15        9.66124
    0.49        0.15        9.66099
    0.5        0.15        9.66097
    0.01        0.16        9.99049
    0.02        0.16        9.97236
    0.03        0.16        9.95507
    0.04        0.16        9.93859
    0.05        0.16        9.92287
    0.06        0.16        9.9079
    0.07        0.16        9.89362
    0.08        0.16        9.88002
    0.09        0.16        9.86706
    0.1        0.16        9.8547
    0.11        0.16        9.84293
    0.12        0.16        9.83171
    0.13        0.16        9.82103
    0.14        0.16        9.81085
    0.15        0.16        9.80094
    0.16        0.16        9.79126
    0.17        0.16        9.78181
    0.18        0.16        9.77257
    0.19        0.16        9.76374
    0.2        0.16        9.75531
    0.21        0.16        9.74726
    0.22        0.16        9.73959
    0.23        0.16        9.73227
    0.24        0.16        9.7253
    0.25        0.16        9.71867
    0.26        0.16        9.71237
    0.27        0.16        9.70638
    0.28        0.16        9.7007
    0.29        0.16        9.69532
    0.3        0.16        9.69024
    0.31        0.16        9.68545
    0.32        0.16        9.68093
    0.33        0.16        9.67669
    0.34        0.16        9.67272
    0.35        0.16        9.66902
    0.36        0.16        9.66557
    0.37        0.16        9.66238
    0.38        0.16        9.65945
    0.39        0.16        9.65676
    0.4        0.16        9.65432
    0.41        0.16        9.65213
    0.42        0.16        9.65018
    0.43        0.16        9.64847
    0.44        0.16        9.647
    0.45        0.16        9.64577
    0.46        0.16        9.64477
    0.47        0.16        9.64401
    0.48        0.16        9.64349
    0.49        0.16        9.64321
    0.5        0.16        9.64315
    0.01        0.17        9.99014
    0.02        0.17        9.97131
    0.03        0.17        9.95333
    0.04        0.17        9.93616
    0.05        0.17        9.91977
    0.06        0.17        9.90413
    0.07        0.17        9.8892
    0.08        0.17        9.87495
    0.09        0.17        9.86135
    0.1        0.17        9.84838
    0.11        0.17        9.836
    0.12        0.17        9.8242
    0.13        0.17        9.81294
    0.14        0.17        9.80221
    0.15        0.17        9.79199
    0.16        0.17        9.78202
    0.17        0.17        9.7723
    0.18        0.17        9.7628
    0.19        0.17        9.7535
    0.2        0.17        9.74462
    0.21        0.17        9.73614
    0.22        0.17        9.72806
    0.23        0.17        9.72034
    0.24        0.17        9.71299
    0.25        0.17        9.706
    0.26        0.17        9.69935
    0.27        0.17        9.69303
    0.28        0.17        9.68703
    0.29        0.17        9.68136
    0.3        0.17        9.67599
    0.31        0.17        9.67092
    0.32        0.17        9.66615
    0.33        0.17        9.66167
    0.34        0.17        9.65747
    0.35        0.17        9.65355
    0.36        0.17        9.6499
    0.37        0.17        9.64653
    0.38        0.17        9.64342
    0.39        0.17        9.64057
    0.4        0.17        9.63799
    0.41        0.17        9.63566
    0.42        0.17        9.63359
    0.43        0.17        9.63177
    0.44        0.17        9.6302
    0.45        0.17        9.62888
    0.46        0.17        9.62781
    0.47        0.17        9.62699
    0.48        0.17        9.62641
    0.49        0.17        9.62608
    0.5        0.17        9.626
    0.01        0.18        9.98981
    0.02        0.18        9.97032
    0.03        0.18        9.95168
    0.04        0.18        9.93386
    0.05        0.18        9.91683
    0.06        0.18        9.90054
    0.07        0.18        9.88498
    0.08        0.18        9.87012
    0.09        0.18        9.85592
    0.1        0.18        9.84235
    0.11        0.18        9.8294
    0.12        0.18        9.81703
    0.13        0.18        9.80523
    0.14        0.18        9.79397
    0.15        0.18        9.78323
    0.16        0.18        9.77299
    0.17        0.18        9.76301
    0.18        0.18        9.75327
    0.19        0.18        9.74375
    0.2        0.18        9.73443
    0.21        0.18        9.72554
    0.22        0.18        9.71705
    0.23        0.18        9.70895
    0.24        0.18        9.70123
    0.25        0.18        9.69388
    0.26        0.18        9.68689
    0.27        0.18        9.68025
    0.28        0.18        9.67395
    0.29        0.18        9.66798
    0.3        0.18        9.66233
    0.31        0.18        9.657
    0.32        0.18        9.65198
    0.33        0.18        9.64726
    0.34        0.18        9.64284
    0.35        0.18        9.63871
    0.36        0.18        9.63487
    0.37        0.18        9.63131
    0.38        0.18        9.62803
    0.39        0.18        9.62503
    0.4        0.18        9.62229
    0.41        0.18        9.61983
    0.42        0.18        9.61764
    0.43        0.18        9.61571
    0.44        0.18        9.61404
    0.45        0.18        9.61264
    0.46        0.18        9.61149
    0.47        0.18        9.61061
    0.48        0.18        9.60998
    0.49        0.18        9.60962
    0.5        0.18        9.6095
    0.01        0.19        9.9895
    0.02        0.19        9.96938
    0.03        0.19        9.95012
    0.04        0.19        9.93168
    0.05        0.19        9.91403
    0.06        0.19        9.89714
    0.07        0.19        9.88098
    0.08        0.19        9.86552
    0.09        0.19        9.85074
    0.1        0.19        9.83662
    0.11        0.19        9.82311
    0.12        0.19        9.81021
    0.13        0.19        9.79788
    0.14        0.19        9.78611
    0.15        0.19        9.77487
    0.16        0.19        9.76415
    0.17        0.19        9.75393
    0.18        0.19        9.74396
    0.19        0.19        9.73424
    0.2        0.19        9.72473
    0.21        0.19        9.71543
    0.22        0.19        9.70655
    0.23        0.19        9.69808
    0.24        0.19        9.69001
    0.25        0.19        9.68231
    0.26        0.19        9.67499
    0.27        0.19        9.66804
    0.28        0.19        9.66143
    0.29        0.19        9.65518
    0.3        0.19        9.64926
    0.31        0.19        9.64367
    0.32        0.19        9.6384
    0.33        0.19        9.63345
    0.34        0.19        9.62881
    0.35        0.19        9.62448
    0.36        0.19        9.62045
    0.37        0.19        9.61671
    0.38        0.19        9.61326
    0.39        0.19        9.6101
    0.4        0.19        9.60723
    0.41        0.19        9.60464
    0.42        0.19        9.60233
    0.43        0.19        9.60029
    0.44        0.19        9.59853
    0.45        0.19        9.59704
    0.46        0.19        9.59582
    0.47        0.19        9.59488
    0.48        0.19        9.5942
    0.49        0.19        9.59379
    0.5        0.19        9.59365
    0.01        0.2        9.9892
    0.02        0.2        9.96849
    0.03        0.2        9.94863
    0.04        0.2        9.9296
    0.05        0.2        9.91137
    0.06        0.2        9.8939
    0.07        0.2        9.87717
    0.08        0.2        9.86115
    0.09        0.2        9.84582
    0.1        0.2        9.83116
    0.11        0.2        9.81712
    0.12        0.2        9.8037
    0.13        0.2        9.79087
    0.14        0.2        9.77861
    0.15        0.2        9.7669
    0.16        0.2        9.75572
    0.17        0.2        9.74505
    0.18        0.2        9.73487
    0.19        0.2        9.72495
    0.2        0.2        9.71527
    0.21        0.2        9.7058
    0.22        0.2        9.69655
    0.23        0.2        9.68772
    0.24        0.2        9.67929
    0.25        0.2        9.67127
    0.26        0.2        9.66363
    0.27        0.2        9.65637
    0.28        0.2        9.64947
    0.29        0.2        9.64294
    0.3        0.2        9.63676
    0.31        0.2        9.63092
    0.32        0.2        9.62541
    0.33        0.2        9.62024
    0.34        0.2        9.61538
    0.35        0.2        9.61085
    0.36        0.2        9.60663
    0.37        0.2        9.60272
    0.38        0.2        9.59911
    0.39        0.2        9.5958
    0.4        0.2        9.59279
    0.41        0.2        9.59007
    0.42        0.2        9.58764
    0.43        0.2        9.5855
    0.44        0.2        9.58364
    0.45        0.2        9.58207
    0.46        0.2        9.58078
    0.47        0.2        9.57977
    0.48        0.2        9.57904
    0.49        0.2        9.5786
    0.5        0.2        9.57843
    0.01        0.21        9.98892
    0.02        0.21        9.96764
    0.03        0.21        9.94722
    0.04        0.21        9.92763
    0.05        0.21        9.90884
    0.06        0.21        9.89082
    0.07        0.21        9.87355
    0.08        0.21        9.857
    0.09        0.21        9.84114
    0.1        0.21        9.82596
    0.11        0.21        9.81142
    0.12        0.21        9.79751
    0.13        0.21        9.7842
    0.14        0.21        9.77147
    0.15        0.21        9.7593
    0.16        0.21        9.74768
    0.17        0.21        9.73657
    0.18        0.21        9.72598
    0.19        0.21        9.71588
    0.2        0.21        9.70603
    0.21        0.21        9.69641
    0.22        0.21        9.68702
    0.23        0.21        9.67784
    0.24        0.21        9.66908
    0.25        0.21        9.66074
    0.26        0.21        9.65279
    0.27        0.21        9.64523
    0.28        0.21        9.63806
    0.29        0.21        9.63125
    0.3        0.21        9.62481
    0.31        0.21        9.61873
    0.32        0.21        9.61299
    0.33        0.21        9.6076
    0.34        0.21        9.60254
    0.35        0.21        9.59781
    0.36        0.21        9.59341
    0.37        0.21        9.58932
    0.38        0.21        9.58555
    0.39        0.21        9.5821
    0.4        0.21        9.57895
    0.41        0.21        9.5761
    0.42        0.21        9.57356
    0.43        0.21        9.57132
    0.44        0.21        9.56937
    0.45        0.21        9.56772
    0.46        0.21        9.56636
    0.47        0.21        9.56529
    0.48        0.21        9.56451
    0.49        0.21        9.56402
    0.5        0.21        9.56383
    0.01        0.22        9.98865
    0.02        0.22        9.96683
    0.03        0.22        9.94588
    0.04        0.22        9.92575
    0.05        0.22        9.90643
    0.06        0.22        9.88789
    0.07        0.22        9.87011
    0.08        0.22        9.85305
    0.09        0.22        9.83669
    0.1        0.22        9.82102
    0.11        0.22        9.806
    0.12        0.22        9.79161
    0.13        0.22        9.77784
    0.14        0.22        9.76466
    0.15        0.22        9.75206
    0.16        0.22        9.74
    0.17        0.22        9.72849
    0.18        0.22        9.7175
    0.19        0.22        9.70701
    0.2        0.22        9.69701
    0.21        0.22        9.68725
    0.22        0.22        9.67774
    0.23        0.22        9.66844
    0.24        0.22        9.65936
    0.25        0.22        9.6507
    0.26        0.22        9.64246
    0.27        0.22        9.63461
    0.28        0.22        9.62716
    0.29        0.22        9.6201
    0.3        0.22        9.61341
    0.31        0.22        9.60709
    0.32        0.22        9.60113
    0.33        0.22        9.59552
    0.34        0.22        9.59026
    0.35        0.22        9.58534
    0.36        0.22        9.58076
    0.37        0.22        9.57651
    0.38        0.22        9.57259
    0.39        0.22        9.56899
    0.4        0.22        9.56571
    0.41        0.22        9.56274
    0.42        0.22        9.56008
    0.43        0.22        9.55774
    0.44        0.22        9.5557
    0.45        0.22        9.55397
    0.46        0.22        9.55254
    0.47        0.22        9.55141
    0.48        0.22        9.55059
    0.49        0.22        9.55006
    0.5        0.22        9.54984
    0.01        0.23        9.98839
    0.02        0.23        9.96607
    0.03        0.23        9.9446
    0.04        0.23        9.92397
    0.05        0.23        9.90415
    0.06        0.23        9.88512
    0.07        0.23        9.86684
    0.08        0.23        9.84929
    0.09        0.23        9.83246
    0.1        0.23        9.81632
    0.11        0.23        9.80084
    0.12        0.23        9.786
    0.13        0.23        9.77179
    0.14        0.23        9.75818
    0.15        0.23        9.74516
    0.16        0.23        9.7327
    0.17        0.23        9.72079
    0.18        0.23        9.70941
    0.19        0.23        9.69855
    0.2        0.23        9.68818
    0.21        0.23        9.67831
    0.22        0.23        9.66868
    0.23        0.23        9.65929
    0.24        0.23        9.65012
    0.25        0.23        9.64116
    0.26        0.23        9.63262
    0.27        0.23        9.6245
    0.28        0.23        9.61679
    0.29        0.23        9.60947
    0.3        0.23        9.60254
    0.31        0.23        9.59599
    0.32        0.23        9.58981
    0.33        0.23        9.584
    0.34        0.23        9.57854
    0.35        0.23        9.57344
    0.36        0.23        9.56869
    0.37        0.23        9.56428
    0.38        0.23        9.5602
    0.39        0.23        9.55646
    0.4        0.23        9.55305
    0.41        0.23        9.54996
    0.42        0.23        9.5472
    0.43        0.23        9.54476
    0.44        0.23        9.54263
    0.45        0.23        9.54082
    0.46        0.23        9.53932
    0.47        0.23        9.53814
    0.48        0.23        9.53726
    0.49        0.23        9.5367
    0.5        0.23        9.53645
    0.01        0.24        9.98815
    0.02        0.24        9.96534
    0.03        0.24        9.94339
    0.04        0.24        9.92229
    0.05        0.24        9.90199
    0.06        0.24        9.88248
    0.07        0.24        9.86373
    0.08        0.24        9.84573
    0.09        0.24        9.82844
    0.1        0.24        9.81185
    0.11        0.24        9.79593
    0.12        0.24        9.78067
    0.13        0.24        9.76604
    0.14        0.24        9.75202
    0.15        0.24        9.73859
    0.16        0.24        9.72574
    0.17        0.24        9.71345
    0.18        0.24        9.70171
    0.19        0.24        9.69048
    0.2        0.24        9.67978
    0.21        0.24        9.66957
    0.22        0.24        9.65984
    0.23        0.24        9.65036
    0.24        0.24        9.64111
    0.25        0.24        9.63209
    0.26        0.24        9.62327
    0.27        0.24        9.61489
    0.28        0.24        9.60692
    0.29        0.24        9.59936
    0.3        0.24        9.59219
    0.31        0.24        9.58542
    0.32        0.24        9.57903
    0.33        0.24        9.57302
    0.34        0.24        9.56737
    0.35        0.24        9.56209
    0.36        0.24        9.55717
    0.37        0.24        9.5526
    0.38        0.24        9.54838
    0.39        0.24        9.5445
    0.4        0.24        9.54097
    0.41        0.24        9.53776
    0.42        0.24        9.53489
    0.43        0.24        9.53236
    0.44        0.24        9.53014
    0.45        0.24        9.52826
    0.46        0.24        9.52669
    0.47        0.24        9.52545
    0.48        0.24        9.52453
    0.49        0.24        9.52393
    0.5        0.24        9.52365
    0.01        0.25        9.98792
    0.02        0.25        9.96465
    0.03        0.25        9.94225
    0.04        0.25        9.92068
    0.05        0.25        9.89993
    0.06        0.25        9.87998
    0.07        0.25        9.86079
    0.08        0.25        9.84235
    0.09        0.25        9.82463
    0.1        0.25        9.80761
    0.11        0.25        9.79128
    0.12        0.25        9.7756
    0.13        0.25        9.76057
    0.14        0.25        9.74616
    0.15        0.25        9.73235
    0.16        0.25        9.71913
    0.17        0.25        9.70648
    0.18        0.25        9.69437
    0.19        0.25        9.68281
    0.2        0.25        9.67177
    0.21        0.25        9.66124
    0.22        0.25        9.6512
    0.23        0.25        9.64164
    0.24        0.25        9.63233
    0.25        0.25        9.62325
    0.26        0.25        9.6144
    0.27        0.25        9.60576
    0.28        0.25        9.59754
    0.29        0.25        9.58974
    0.3        0.25        9.58235
    0.31        0.25        9.57537
    0.32        0.25        9.56877
    0.33        0.25        9.56257
    0.34        0.25        9.55674
    0.35        0.25        9.55129
    0.36        0.25        9.5462
    0.37        0.25        9.54148
    0.38        0.25        9.53712
    0.39        0.25        9.53311
    0.4        0.25        9.52945
    0.41        0.25        9.52613
    0.42        0.25        9.52316
    0.43        0.25        9.52053
    0.44        0.25        9.51823
    0.45        0.25        9.51627
    0.46        0.25        9.51464
    0.47        0.25        9.51335
    0.48        0.25        9.51238
    0.49        0.25        9.51174
    0.5        0.25        9.51143
    0.01        0.26        9.9877
    0.02        0.26        9.964
    0.03        0.26        9.94116
    0.04        0.26        9.91917
    0.05        0.26        9.89799
    0.06        0.26        9.87761
    0.07        0.26        9.858
    0.08        0.26        9.83914
    0.09        0.26        9.82101
    0.1        0.26        9.80359
    0.11        0.26        9.78686
    0.12        0.26        9.7708
    0.13        0.26        9.75538
    0.14        0.26        9.7406
    0.15        0.26        9.72642
    0.16        0.26        9.71285
    0.17        0.26        9.69985
    0.18        0.26        9.68741
    0.19        0.26        9.67552
    0.2        0.26        9.66416
    0.21        0.26        9.65332
    0.22        0.26        9.64298
    0.23        0.26        9.63314
    0.24        0.26        9.62377
    0.25        0.26        9.61465
    0.26        0.26        9.60576
    0.27        0.26        9.5971
    0.28        0.26        9.58864
    0.29        0.26        9.58062
    0.3        0.26        9.57301
    0.31        0.26        9.56582
    0.32        0.26        9.55903
    0.33        0.26        9.55264
    0.34        0.26        9.54663
    0.35        0.26        9.54101
    0.36        0.26        9.53577
    0.37        0.26        9.5309
    0.38        0.26        9.5264
    0.39        0.26        9.52226
    0.4        0.26        9.51848
    0.41        0.26        9.51506
    0.42        0.26        9.51199
    0.43        0.26        9.50926
    0.44        0.26        9.50689
    0.45        0.26        9.50485
    0.46        0.26        9.50316
    0.47        0.26        9.50181
    0.48        0.26        9.5008
    0.49        0.26        9.50012
    0.5        0.26        9.49979
    0.01        0.27        9.9875
    0.02        0.27        9.96338
    0.03        0.27        9.94014
    0.04        0.27        9.91773
    0.05        0.27        9.89615
    0.06        0.27        9.87536
    0.07        0.27        9.85536
    0.08        0.27        9.8361
    0.09        0.27        9.81759
    0.1        0.27        9.79978
    0.11        0.27        9.78268
    0.12        0.27        9.76624
    0.13        0.27        9.75046
    0.14        0.27        9.73532
    0.15        0.27        9.7208
    0.16        0.27        9.70688
    0.17        0.27        9.69355
    0.18        0.27        9.68079
    0.19        0.27        9.66859
    0.2        0.27        9.65692
    0.21        0.27        9.64579
    0.22        0.27        9.63517
    0.23        0.27        9.62505
    0.24        0.27        9.61542
    0.25        0.27        9.60626
    0.26        0.27        9.59735
    0.27        0.27        9.58867
    0.28        0.27        9.58022
    0.29        0.27        9.57198
    0.3        0.27        9.56416
    0.31        0.27        9.55677
    0.32        0.27        9.54979
    0.33        0.27        9.54322
    0.34        0.27        9.53704
    0.35        0.27        9.53126
    0.36        0.27        9.52587
    0.37        0.27        9.52086
    0.38        0.27        9.51622
    0.39        0.27        9.51196
    0.4        0.27        9.50806
    0.41        0.27        9.50453
    0.42        0.27        9.50136
    0.43        0.27        9.49855
    0.44        0.27        9.4961
    0.45        0.27        9.49399
    0.46        0.27        9.49224
    0.47        0.27        9.49083
    0.48        0.27        9.48978
    0.49        0.27        9.48907
    0.5        0.27        9.48871
    0.01        0.28        9.9873
    0.02        0.28        9.9628
    0.03        0.28        9.93917
    0.04        0.28        9.91638
    0.05        0.28        9.89441
    0.06        0.28        9.87324
    0.07        0.28        9.85286
    0.08        0.28        9.83323
    0.09        0.28        9.81435
    0.1        0.28        9.79618
    0.11        0.28        9.77872
    0.12        0.28        9.76193
    0.13        0.28        9.74581
    0.14        0.28        9.73033
    0.15        0.28        9.71548
    0.16        0.28        9.70124
    0.17        0.28        9.68759
    0.18        0.28        9.67452
    0.19        0.28        9.66202
    0.2        0.28        9.65007
    0.21        0.28        9.63865
    0.22        0.28        9.62775
    0.23        0.28        9.61737
    0.24        0.28        9.60748
    0.25        0.28        9.59808
    0.26        0.28        9.58916
    0.27        0.28        9.58048
    0.28        0.28        9.57203
    0.29        0.28        9.5638
    0.3        0.28        9.55579
    0.31        0.28        9.5482
    0.32        0.28        9.54104
    0.33        0.28        9.5343
    0.34        0.28        9.52796
    0.35        0.28        9.52202
    0.36        0.28        9.51648
    0.37        0.28        9.51133
    0.38        0.28        9.50657
    0.39        0.28        9.50219
    0.4        0.28        9.49818
    0.41        0.28        9.49455
    0.42        0.28        9.49128
    0.43        0.28        9.48839
    0.44        0.28        9.48585
    0.45        0.28        9.48368
    0.46        0.28        9.48187
    0.47        0.28        9.48041
    0.48        0.28        9.47931
    0.49        0.28        9.47857
    0.5        0.28        9.47818
    0.01        0.29        9.98712
    0.02        0.29        9.96225
    0.03        0.29        9.93825
    0.04        0.29        9.9151
    0.05        0.29        9.89277
    0.06        0.29        9.87124
    0.07        0.29        9.8505
    0.08        0.29        9.83052
    0.09        0.29        9.81129
    0.1        0.29        9.79278
    0.11        0.29        9.77498
    0.12        0.29        9.75786
    0.13        0.29        9.74141
    0.14        0.29        9.72561
    0.15        0.29        9.71044
    0.16        0.29        9.6959
    0.17        0.29        9.68195
    0.18        0.29        9.66859
    0.19        0.29        9.6558
    0.2        0.29        9.64357
    0.21        0.29        9.63188
    0.22        0.29        9.62073
    0.23        0.29        9.61009
    0.24        0.29        9.59996
    0.25        0.29        9.59033
    0.26        0.29        9.58118
    0.27        0.29        9.57251
    0.28        0.29        9.56407
    0.29        0.29        9.55587
    0.3        0.29        9.54789
    0.31        0.29        9.54012
    0.32        0.29        9.53278
    0.33        0.29        9.52587
    0.34        0.29        9.51937
    0.35        0.29        9.51329
    0.36        0.29        9.50761
    0.37        0.29        9.50232
    0.38        0.29        9.49744
    0.39        0.29        9.49294
    0.4        0.29        9.48882
    0.41        0.29        9.48509
    0.42        0.29        9.48174
    0.43        0.29        9.47876
    0.44        0.29        9.47615
    0.45        0.29        9.47391
    0.46        0.29        9.47204
    0.47        0.29        9.47053
    0.48        0.29        9.46939
    0.49        0.29        9.46861
    0.5        0.29        9.4682
    0.01        0.3        9.98695
    0.02        0.3        9.96173
    0.03        0.3        9.93739
    0.04        0.3        9.91389
    0.05        0.3        9.89122
    0.06        0.3        9.86936
    0.07        0.3        9.84828
    0.08        0.3        9.82797
    0.09        0.3        9.80841
    0.1        0.3        9.78957
    0.11        0.3        9.77145
    0.12        0.3        9.75402
    0.13        0.3        9.73726
    0.14        0.3        9.72115
    0.15        0.3        9.70569
    0.16        0.3        9.69085
    0.17        0.3        9.67662
    0.18        0.3        9.66298
    0.19        0.3        9.64993
    0.2        0.3        9.63743
    0.21        0.3        9.62549
    0.22        0.3        9.61409
    0.23        0.3        9.60321
    0.24        0.3        9.59285
    0.25        0.3        9.58299
    0.26        0.3        9.57362
    0.27        0.3        9.56474
    0.28        0.3        9.55633
    0.29        0.3        9.54816
    0.3        0.3        9.54022
    0.31        0.3        9.5325
    0.32        0.3        9.525
    0.33        0.3        9.51792
    0.34        0.3        9.51128
    0.35        0.3        9.50505
    0.36        0.3        9.49923
    0.37        0.3        9.49382
    0.38        0.3        9.48881
    0.39        0.3        9.4842
    0.4        0.3        9.47999
    0.41        0.3        9.47616
    0.42        0.3        9.47272
    0.43        0.3        9.46966
    0.44        0.3        9.46698
    0.45        0.3        9.46467
    0.46        0.3        9.46274
    0.47        0.3        9.46119
    0.48        0.3        9.46001
    0.49        0.3        9.4592
    0.5        0.3        9.45875
    0.01        0.31        9.98679
    0.02        0.31        9.96125
    0.03        0.31        9.93658
    0.04        0.31        9.91276
    0.05        0.31        9.88977
    0.06        0.31        9.86759
    0.07        0.31        9.84619
    0.08        0.31        9.82557
    0.09        0.31        9.8057
    0.1        0.31        9.78656
    0.11        0.31        9.76813
    0.12        0.31        9.7504
    0.13        0.31        9.73335
    0.14        0.31        9.71696
    0.15        0.31        9.70122
    0.16        0.31        9.6861
    0.17        0.31        9.6716
    0.18        0.31        9.6577
    0.19        0.31        9.64438
    0.2        0.31        9.63164
    0.21        0.31        9.61946
    0.22        0.31        9.60782
    0.23        0.31        9.59671
    0.24        0.31        9.58613
    0.25        0.31        9.57606
    0.26        0.31        9.56649
    0.27        0.31        9.5574
    0.28        0.31        9.5488
    0.29        0.31        9.54067
    0.3        0.31        9.53278
    0.31        0.31        9.52512
    0.32        0.31        9.51768
    0.33        0.31        9.51045
    0.34        0.31        9.50366
    0.35        0.31        9.49729
    0.36        0.31        9.49135
    0.37        0.31        9.48582
    0.38        0.31        9.48069
    0.39        0.31        9.47598
    0.4        0.31        9.47166
    0.41        0.31        9.46774
    0.42        0.31        9.46421
    0.43        0.31        9.46108
    0.44        0.31        9.45833
    0.45        0.31        9.45596
    0.46        0.31        9.45398
    0.47        0.31        9.45238
    0.48        0.31        9.45115
    0.49        0.31        9.45031
    0.5        0.31        9.44984
    0.01        0.32        9.98663
    0.02        0.32        9.96079
    0.03        0.32        9.93582
    0.04        0.32        9.9117
    0.05        0.32        9.88841
    0.06        0.32        9.86593
    0.07        0.32        9.84424
    0.08        0.32        9.82332
    0.09        0.32        9.80316
    0.1        0.32        9.78373
    0.11        0.32        9.76502
    0.12        0.32        9.74701
    0.13        0.32        9.72968
    0.14        0.32        9.71302
    0.15        0.32        9.69701
    0.16        0.32        9.68163
    0.17        0.32        9.66688
    0.18        0.32        9.65273
    0.19        0.32        9.63917
    0.2        0.32        9.62619
    0.21        0.32        9.61378
    0.22        0.32        9.60192
    0.23        0.32        9.59059
    0.24        0.32        9.5798
    0.25        0.32        9.56952
    0.26        0.32        9.55976
    0.27        0.32        9.55049
    0.28        0.32        9.5417
    0.29        0.32        9.5334
    0.3        0.32        9.52556
    0.31        0.32        9.51797
    0.32        0.32        9.5106
    0.33        0.32        9.50345
    0.34        0.32        9.49652
    0.35        0.32        9.49002
    0.36        0.32        9.48395
    0.37        0.32        9.4783
    0.38        0.32        9.47307
    0.39        0.32        9.46825
    0.4        0.32        9.46384
    0.41        0.32        9.45983
    0.42        0.32        9.45622
    0.43        0.32        9.45301
    0.44        0.32        9.45019
    0.45        0.32        9.44777
    0.46        0.32        9.44573
    0.47        0.32        9.44408
    0.48        0.32        9.44282
    0.49        0.32        9.44194
    0.5        0.32        9.44145
    0.01        0.33        9.98649
    0.02        0.33        9.96037
    0.03        0.33        9.93511
    0.04        0.33        9.91071
    0.05        0.33        9.88714
    0.06        0.33        9.86437
    0.07        0.33        9.84241
    0.08        0.33        9.82121
    0.09        0.33        9.80078
    0.1        0.33        9.78108
    0.11        0.33        9.7621
    0.12        0.33        9.74383
    0.13        0.33        9.72624
    0.14        0.33        9.70933
    0.15        0.33        9.69307
    0.16        0.33        9.67745
    0.17        0.33        9.66245
    0.18        0.33        9.64807
    0.19        0.33        9.63428
    0.2        0.33        9.62108
    0.21        0.33        9.60845
    0.22        0.33        9.59637
    0.23        0.33        9.58484
    0.24        0.33        9.57385
    0.25        0.33        9.56338
    0.26        0.33        9.55343
    0.27        0.33        9.54398
    0.28        0.33        9.53503
    0.29        0.33        9.52655
    0.3        0.33        9.51856
    0.31        0.33        9.51104
    0.32        0.33        9.50375
    0.33        0.33        9.49669
    0.34        0.33        9.48985
    0.35        0.33        9.48322
    0.36        0.33        9.47703
    0.37        0.33        9.47127
    0.38        0.33        9.46594
    0.39        0.33        9.46102
    0.4        0.33        9.45651
    0.41        0.33        9.45242
    0.42        0.33        9.44873
    0.43        0.33        9.44545
    0.44        0.33        9.44257
    0.45        0.33        9.44008
    0.46        0.33        9.43799
    0.47        0.33        9.4363
    0.48        0.33        9.435
    0.49        0.33        9.43409
    0.5        0.33        9.43358
    0.01        0.34        9.98636
    0.02        0.34        9.95997
    0.03        0.34        9.93445
    0.04        0.34        9.90979
    0.05        0.34        9.88595
    0.06        0.34        9.86293
    0.07        0.34        9.8407
    0.08        0.34        9.81925
    0.09        0.34        9.79856
    0.1        0.34        9.77861
    0.11        0.34        9.75939
    0.12        0.34        9.74087
    0.13        0.34        9.72304
    0.14        0.34        9.70588
    0.15        0.34        9.68939
    0.16        0.34        9.67354
    0.17        0.34        9.65832
    0.18        0.34        9.64371
    0.19        0.34        9.62971
    0.2        0.34        9.61629
    0.21        0.34        9.60346
    0.22        0.34        9.59118
    0.23        0.34        9.57946
    0.24        0.34        9.56828
    0.25        0.34        9.55763
    0.26        0.34        9.5475
    0.27        0.34        9.53788
    0.28        0.34        9.52876
    0.29        0.34        9.52013
    0.3        0.34        9.51199
    0.31        0.34        9.50432
    0.32        0.34        9.49712
    0.33        0.34        9.49015
    0.34        0.34        9.48341
    0.35        0.34        9.47689
    0.36        0.34        9.47059
    0.37        0.34        9.46472
    0.38        0.34        9.45928
    0.39        0.34        9.45427
    0.4        0.34        9.44968
    0.41        0.34        9.4455
    0.42        0.34        9.44174
    0.43        0.34        9.43839
    0.44        0.34        9.43544
    0.45        0.34        9.4329
    0.46        0.34        9.43076
    0.47        0.34        9.42903
    0.48        0.34        9.42769
    0.49        0.34        9.42675
    0.5        0.34        9.42621
    0.01        0.35        9.98624
    0.02        0.35        9.9596
    0.03        0.35        9.93384
    0.04        0.35        9.90893
    0.05        0.35        9.88485
    0.06        0.35        9.86159
    0.07        0.35        9.83912
    0.08        0.35        9.81743
    0.09        0.35        9.79651
    0.1        0.35        9.77632
    0.11        0.35        9.75686
    0.12        0.35        9.73811
    0.13        0.35        9.72006
    0.14        0.35        9.70268
    0.15        0.35        9.68596
    0.16        0.35        9.6699
    0.17        0.35        9.65446
    0.18        0.35        9.63965
    0.19        0.35        9.62545
    0.2        0.35        9.61183
    0.21        0.35        9.5988
    0.22        0.35        9.58634
    0.23        0.35        9.57444
    0.24        0.35        9.56308
    0.25        0.35        9.55226
    0.26        0.35        9.54196
    0.27        0.35        9.53218
    0.28        0.35        9.52291
    0.29        0.35        9.51413
    0.3        0.35        9.50584
    0.31        0.35        9.49803
    0.32        0.35        9.4907
    0.33        0.35        9.48383
    0.34        0.35        9.4772
    0.35        0.35        9.47079
    0.36        0.35        9.4646
    0.37        0.35        9.45864
    0.38        0.35        9.4531
    0.39        0.35        9.448
    0.4        0.35        9.44332
    0.41        0.35        9.43907
    0.42        0.35        9.43524
    0.43        0.35        9.43182
    0.44        0.35        9.42881
    0.45        0.35        9.42622
    0.46        0.35        9.42403
    0.47        0.35        9.42226
    0.48        0.35        9.42088
    0.49        0.35        9.41991
    0.5        0.35        9.41935
    0.01        0.36        9.98613
    0.02        0.36        9.95927
    0.03        0.36        9.93328
    0.04        0.36        9.90814
    0.05        0.36        9.88384
    0.06        0.36        9.86035
    0.07        0.36        9.83766
    0.08        0.36        9.81575
    0.09        0.36        9.79461
    0.1        0.36        9.7742
    0.11        0.36        9.75453
    0.12        0.36        9.73556
    0.13        0.36        9.7173
    0.14        0.36        9.69971
    0.15        0.36        9.68279
    0.16        0.36        9.66652
    0.17        0.36        9.65089
    0.18        0.36        9.63589
    0.19        0.36        9.62149
    0.2        0.36        9.60769
    0.21        0.36        9.59448
    0.22        0.36        9.58184
    0.23        0.36        9.56977
    0.24        0.36        9.55824
    0.25        0.36        9.54726
    0.26        0.36        9.53681
    0.27        0.36        9.52688
    0.28        0.36        9.51745
    0.29        0.36        9.50854
    0.3        0.36        9.50011
    0.31        0.36        9.49218
    0.32        0.36        9.48472
    0.33        0.36        9.47773
    0.34        0.36        9.47121
    0.35        0.36        9.46492
    0.36        0.36        9.45886
    0.37        0.36        9.45302
    0.38        0.36        9.44739
    0.39        0.36        9.4422
    0.4        0.36        9.43745
    0.41        0.36        9.43312
    0.42        0.36        9.42922
    0.43        0.36        9.42574
    0.44        0.36        9.42268
    0.45        0.36        9.42003
    0.46        0.36        9.4178
    0.47        0.36        9.41598
    0.48        0.36        9.41457
    0.49        0.36        9.41357
    0.5        0.36        9.41298
    0.01        0.37        9.98602
    0.02        0.37        9.95896
    0.03        0.37        9.93276
    0.04        0.37        9.90742
    0.05        0.37        9.88291
    0.06        0.37        9.85922
    0.07        0.37        9.83633
    0.08        0.37        9.81421
    0.09        0.37        9.79286
    0.1        0.37        9.77226
    0.11        0.37        9.75238
    0.12        0.37        9.73322
    0.13        0.37        9.71476
    0.14        0.37        9.69698
    0.15        0.37        9.67987
    0.16        0.37        9.66341
    0.17        0.37        9.6476
    0.18        0.37        9.63241
    0.19        0.37        9.61784
    0.2        0.37        9.60387
    0.21        0.37        9.59048
    0.22        0.37        9.57768
    0.23        0.37        9.56545
    0.24        0.37        9.55377
    0.25        0.37        9.54263
    0.26        0.37        9.53203
    0.27        0.37        9.52196
    0.28        0.37        9.5124
    0.29        0.37        9.50335
    0.3        0.37        9.4948
    0.31        0.37        9.48674
    0.32        0.37        9.47917
    0.33        0.37        9.47207
    0.34        0.37        9.46544
    0.35        0.37        9.45927
    0.36        0.37        9.45334
    0.37        0.37        9.44763
    0.38        0.37        9.44215
    0.39        0.37        9.43688
    0.4        0.37        9.43205
    0.41        0.37        9.42765
    0.42        0.37        9.42368
    0.43        0.37        9.42014
    0.44        0.37        9.41702
    0.45        0.37        9.41433
    0.46        0.37        9.41205
    0.47        0.37        9.41019
    0.48        0.37        9.40875
    0.49        0.37        9.40772
    0.5        0.37        9.40711
    0.01        0.38        9.98593
    0.02        0.38        9.95868
    0.03        0.38        9.93229
    0.04        0.38        9.90676
    0.05        0.38        9.88207
    0.06        0.38        9.85819
    0.07        0.38        9.83511
    0.08        0.38        9.81281
    0.09        0.38        9.79127
    0.1        0.38        9.77048
    0.11        0.38        9.75042
    0.12        0.38        9.73108
    0.13        0.38        9.71243
    0.14        0.38        9.69448
    0.15        0.38        9.67719
    0.16        0.38        9.66056
    0.17        0.38        9.64457
    0.18        0.38        9.62922
    0.19        0.38        9.61448
    0.2        0.38        9.60035
    0.21        0.38        9.58681
    0.22        0.38        9.57385
    0.23        0.38        9.56147
    0.24        0.38        9.54964
    0.25        0.38        9.53837
    0.26        0.38        9.52763
    0.27        0.38        9.51742
    0.28        0.38        9.50774
    0.29        0.38        9.49857
    0.3        0.38        9.4899
    0.31        0.38        9.48172
    0.32        0.38        9.47404
    0.33        0.38        9.46683
    0.34        0.38        9.4601
    0.35        0.38        9.45384
    0.36        0.38        9.44804
    0.37        0.38        9.44248
    0.38        0.38        9.43713
    0.39        0.38        9.43201
    0.4        0.38        9.42711
    0.41        0.38        9.42265
    0.42        0.38        9.41861
    0.43        0.38        9.41502
    0.44        0.38        9.41185
    0.45        0.38        9.4091
    0.46        0.38        9.40678
    0.47        0.38        9.40489
    0.48        0.38        9.40341
    0.49        0.38        9.40236
    0.5        0.38        9.40172
    0.01        0.39        9.98584
    0.02        0.39        9.95842
    0.03        0.39        9.93187
    0.04        0.39        9.90618
    0.05        0.39        9.88131
    0.06        0.39        9.85726
    0.07        0.39        9.83401
    0.08        0.39        9.81154
    0.09        0.39        9.78983
    0.1        0.39        9.76887
    0.11        0.39        9.74865
    0.12        0.39        9.72913
    0.13        0.39        9.71032
    0.14        0.39        9.6922
    0.15        0.39        9.67475
    0.16        0.39        9.65796
    0.17        0.39        9.64182
    0.18        0.39        9.62631
    0.19        0.39        9.61142
    0.2        0.39        9.59714
    0.21        0.39        9.58345
    0.22        0.39        9.57035
    0.23        0.39        9.55783
    0.24        0.39        9.54587
    0.25        0.39        9.53446
    0.26        0.39        9.5236
    0.27        0.39        9.51327
    0.28        0.39        9.50346
    0.29        0.39        9.49418
    0.3        0.39        9.4854
    0.31        0.39        9.47712
    0.32        0.39        9.46933
    0.33        0.39        9.46203
    0.34        0.39        9.4552
    0.35        0.39        9.44885
    0.36        0.39        9.44297
    0.37        0.39        9.43754
    0.38        0.39        9.43235
    0.39        0.39        9.42738
    0.4        0.39        9.42264
    0.41        0.39        9.41811
    0.42        0.39        9.41402
    0.43        0.39        9.41036
    0.44        0.39        9.40714
    0.45        0.39        9.40435
    0.46        0.39        9.40199
    0.47        0.39        9.40006
    0.48        0.39        9.39855
    0.49        0.39        9.39747
    0.5        0.39        9.39681
    0.01        0.4        9.98577
    0.02        0.4        9.9582
    0.03        0.4        9.9315
    0.04        0.4        9.90565
    0.05        0.4        9.88064
    0.06        0.4        9.85644
    0.07        0.4        9.83303
    0.08        0.4        9.81041
    0.09        0.4        9.78855
    0.1        0.4        9.76744
    0.11        0.4        9.74705
    0.12        0.4        9.72739
    0.13        0.4        9.70843
    0.14        0.4        9.69016
    0.15        0.4        9.67256
    0.16        0.4        9.65562
    0.17        0.4        9.63933
    0.18        0.4        9.62368
    0.19        0.4        9.60865
    0.2        0.4        9.59423
    0.21        0.4        9.58041
    0.22        0.4        9.56718
    0.23        0.4        9.55453
    0.24        0.4        9.54244
    0.25        0.4        9.53092
    0.26        0.4        9.51993
    0.27        0.4        9.50949
    0.28        0.4        9.49957
    0.29        0.4        9.49018
    0.3        0.4        9.4813
    0.31        0.4        9.47292
    0.32        0.4        9.46503
    0.33        0.4        9.45764
    0.34        0.4        9.45073
    0.35        0.4        9.44429
    0.36        0.4        9.43833
    0.37        0.4        9.43283
    0.38        0.4        9.42779
    0.39        0.4        9.42298
    0.4        0.4        9.41839
    0.41        0.4        9.41403
    0.42        0.4        9.40989
    0.43        0.4        9.40618
    0.44        0.4        9.40291
    0.45        0.4        9.40008
    0.46        0.4        9.39768
    0.47        0.4        9.39571
    0.48        0.4        9.39417
    0.49        0.4        9.39306
    0.5        0.4        9.39238
    0.01        0.41        9.98571
    0.02        0.41        9.95801
    0.03        0.41        9.93118
    0.04        0.41        9.9052
    0.05        0.41        9.88005
    0.06        0.41        9.85571
    0.07        0.41        9.83217
    0.08        0.41        9.80941
    0.09        0.41        9.78742
    0.1        0.41        9.76616
    0.11        0.41        9.74565
    0.12        0.41        9.72584
    0.13        0.41        9.70674
    0.14        0.41        9.68834
    0.15        0.41        9.6706
    0.16        0.41        9.65353
    0.17        0.41        9.63711
    0.18        0.41        9.62133
    0.19        0.41        9.60617
    0.2        0.41        9.59162
    0.21        0.41        9.57768
    0.22        0.41        9.56433
    0.23        0.41        9.55156
    0.24        0.41        9.53936
    0.25        0.41        9.52772
    0.26        0.41        9.51663
    0.27        0.41        9.50608
    0.28        0.41        9.49606
    0.29        0.41        9.48657
    0.3        0.41        9.47759
    0.31        0.41        9.46912
    0.32        0.41        9.46115
    0.33        0.41        9.45367
    0.34        0.41        9.44668
    0.35        0.41        9.44017
    0.36        0.41        9.43413
    0.37        0.41        9.42856
    0.38        0.41        9.42345
    0.39        0.41        9.4188
    0.4        0.41        9.41438
    0.41        0.41        9.41019
    0.42        0.41        9.40621
    0.43        0.41        9.40246
    0.44        0.41        9.39914
    0.45        0.41        9.39627
    0.46        0.41        9.39383
    0.47        0.41        9.39183
    0.48        0.41        9.39026
    0.49        0.41        9.38912
    0.5        0.41        9.38842
    0.01        0.42        9.98565
    0.02        0.42        9.95784
    0.03        0.42        9.9309
    0.04        0.42        9.90481
    0.05        0.42        9.87955
    0.06        0.42        9.8551
    0.07        0.42        9.83144
    0.08        0.42        9.80856
    0.09        0.42        9.78644
    0.1        0.42        9.76506
    0.11        0.42        9.74442
    0.12        0.42        9.72449
    0.13        0.42        9.70527
    0.14        0.42        9.68674
    0.15        0.42        9.66888
    0.16        0.42        9.65169
    0.17        0.42        9.63515
    0.18        0.42        9.61925
    0.19        0.42        9.60397
    0.2        0.42        9.58932
    0.21        0.42        9.57526
    0.22        0.42        9.5618
    0.23        0.42        9.54892
    0.24        0.42        9.53662
    0.25        0.42        9.52488
    0.26        0.42        9.51369
    0.27        0.42        9.50304
    0.28        0.42        9.49293
    0.29        0.42        9.48335
    0.3        0.42        9.47428
    0.31        0.42        9.46573
    0.32        0.42        9.45767
    0.33        0.42        9.45012
    0.34        0.42        9.44305
    0.35        0.42        9.43647
    0.36        0.42        9.43036
    0.37        0.42        9.42472
    0.38        0.42        9.41955
    0.39        0.42        9.41485
    0.4        0.42        9.41059
    0.41        0.42        9.40657
    0.42        0.42        9.40277
    0.43        0.42        9.3992
    0.44        0.42        9.39584
    0.45        0.42        9.39292
    0.46        0.42        9.39045
    0.47        0.42        9.38841
    0.48        0.42        9.38681
    0.49        0.42        9.38565
    0.5        0.42        9.38493
    0.01        0.43        9.98561
    0.02        0.43        9.95771
    0.03        0.43        9.93068
    0.04        0.43        9.90449
    0.05        0.43        9.87913
    0.06        0.43        9.85458
    0.07        0.43        9.83082
    0.08        0.43        9.80784
    0.09        0.43        9.78561
    0.1        0.43        9.76413
    0.11        0.43        9.74338
    0.12        0.43        9.72334
    0.13        0.43        9.70401
    0.14        0.43        9.68537
    0.15        0.43        9.6674
    0.16        0.43        9.6501
    0.17        0.43        9.63345
    0.18        0.43        9.61744
    0.19        0.43        9.60206
    0.2        0.43        9.5873
    0.21        0.43        9.57315
    0.22        0.43        9.55959
    0.23        0.43        9.54661
    0.24        0.43        9.53421
    0.25        0.43        9.52238
    0.26        0.43        9.5111
    0.27        0.43        9.50037
    0.28        0.43        9.49017
    0.29        0.43        9.48051
    0.3        0.43        9.47136
    0.31        0.43        9.46273
    0.32        0.43        9.4546
    0.33        0.43        9.44697
    0.34        0.43        9.43984
    0.35        0.43        9.43319
    0.36        0.43        9.42702
    0.37        0.43        9.42132
    0.38        0.43        9.4161
    0.39        0.43        9.41133
    0.4        0.43        9.40703
    0.41        0.43        9.40318
    0.42        0.43        9.39956
    0.43        0.43        9.39617
    0.44        0.43        9.39299
    0.45        0.43        9.39004
    0.46        0.43        9.38753
    0.47        0.43        9.38546
    0.48        0.43        9.38383
    0.49        0.43        9.38264
    0.5        0.43        9.3819
    0.01        0.44        9.98557
    0.02        0.44        9.95761
    0.03        0.44        9.93051
    0.04        0.44        9.90425
    0.05        0.44        9.87881
    0.06        0.44        9.85418
    0.07        0.44        9.83033
    0.08        0.44        9.80726
    0.09        0.44        9.78494
    0.1        0.44        9.76336
    0.11        0.44        9.74252
    0.12        0.44        9.72239
    0.13        0.44        9.70296
    0.14        0.44        9.68422
    0.15        0.44        9.66615
    0.16        0.44        9.64876
    0.17        0.44        9.63201
    0.18        0.44        9.61591
    0.19        0.44        9.60044
    0.2        0.44        9.58558
    0.21        0.44        9.57134
    0.22        0.44        9.55769
    0.23        0.44        9.54463
    0.24        0.44        9.53214
    0.25        0.44        9.52023
    0.26        0.44        9.50887
    0.27        0.44        9.49806
    0.28        0.44        9.48778
    0.29        0.44        9.47804
    0.3        0.44        9.46883
    0.31        0.44        9.46013
    0.32        0.44        9.45193
    0.33        0.44        9.44424
    0.34        0.44        9.43704
    0.35        0.44        9.43033
    0.36        0.44        9.4241
    0.37        0.44        9.41835
    0.38        0.44        9.41307
    0.39        0.44        9.40826
    0.4        0.44        9.40391
    0.41        0.44        9.40002
    0.42        0.44        9.39658
    0.43        0.44        9.39337
    0.44        0.44        9.39038
    0.45        0.44        9.38761
    0.46        0.44        9.38507
    0.47        0.44        9.38296
    0.48        0.44        9.38131
    0.49        0.44        9.38009
    0.5        0.44        9.37933
    0.01        0.45        9.98555
    0.02        0.45        9.95754
    0.03        0.45        9.9304
    0.04        0.45        9.90409
    0.05        0.45        9.87859
    0.06        0.45        9.85389
    0.07        0.45        9.82998
    0.08        0.45        9.80683
    0.09        0.45        9.78443
    0.1        0.45        9.76277
    0.11        0.45        9.74184
    0.12        0.45        9.72163
    0.13        0.45        9.70211
    0.14        0.45        9.68329
    0.15        0.45        9.66514
    0.16        0.45        9.64766
    0.17        0.45        9.63083
    0.18        0.45        9.61465
    0.19        0.45        9.59909
    0.2        0.45        9.58416
    0.21        0.45        9.56983
    0.22        0.45        9.55611
    0.23        0.45        9.54297
    0.24        0.45        9.53041
    0.25        0.45        9.51842
    0.26        0.45        9.50699
    0.27        0.45        9.4961
    0.28        0.45        9.48577
    0.29        0.45        9.47596
    0.3        0.45        9.46668
    0.31        0.45        9.45791
    0.32        0.45        9.44966
    0.33        0.45        9.44191
    0.34        0.45        9.43466
    0.35        0.45        9.42789
    0.36        0.45        9.42161
    0.37        0.45        9.41581
    0.38        0.45        9.41048
    0.39        0.45        9.40562
    0.4        0.45        9.40123
    0.41        0.45        9.39729
    0.42        0.45        9.39382
    0.43        0.45        9.39079
    0.44        0.45        9.38799
    0.45        0.45        9.38541
    0.46        0.45        9.38306
    0.47        0.45        9.38093
    0.48        0.45        9.37924
    0.49        0.45        9.378
    0.5        0.45        9.37721
    0.01        0.46        9.98555
    0.02        0.46        9.95752
    0.03        0.46        9.93035
    0.04        0.46        9.90401
    0.05        0.46        9.87847
    0.06        0.46        9.85372
    0.07        0.46        9.82975
    0.08        0.46        9.80654
    0.09        0.46        9.78408
    0.1        0.46        9.76235
    0.11        0.46        9.74135
    0.12        0.46        9.72107
    0.13        0.46        9.70148
    0.14        0.46        9.68258
    0.15        0.46        9.66436
    0.16        0.46        9.64681
    0.17        0.46        9.62991
    0.18        0.46        9.61365
    0.19        0.46        9.59803
    0.2        0.46        9.58302
    0.21        0.46        9.56863
    0.22        0.46        9.55483
    0.23        0.46        9.54163
    0.24        0.46        9.529
    0.25        0.46        9.51695
    0.26        0.46        9.50545
    0.27        0.46        9.49451
    0.28        0.46        9.48411
    0.29        0.46        9.47425
    0.3        0.46        9.46491
    0.31        0.46        9.45609
    0.32        0.46        9.44779
    0.33        0.46        9.43999
    0.34        0.46        9.43268
    0.35        0.46        9.42587
    0.36        0.46        9.41954
    0.37        0.46        9.4137
    0.38        0.46        9.40833
    0.39        0.46        9.40343
    0.4        0.46        9.39899
    0.41        0.46        9.39502
    0.42        0.46        9.3915
    0.43        0.46        9.38844
    0.44        0.46        9.38583
    0.45        0.46        9.38344
    0.46        0.46        9.38128
    0.47        0.46        9.37934
    0.48        0.46        9.37762
    0.49        0.46        9.37636
    0.5        0.46        9.37554
    0.01        0.47        9.98556
    0.02        0.47        9.95754
    0.03        0.47        9.93037
    0.04        0.47        9.90402
    0.05        0.47        9.87846
    0.06        0.47        9.85368
    0.07        0.47        9.82966
    0.08        0.47        9.8064
    0.09        0.47        9.78389
    0.1        0.47        9.76211
    0.11        0.47        9.74105
    0.12        0.47        9.72071
    0.13        0.47        9.70106
    0.14        0.47        9.6821
    0.15        0.47        9.66382
    0.16        0.47        9.6462
    0.17        0.47        9.62924
    0.18        0.47        9.61292
    0.19        0.47        9.59724
    0.2        0.47        9.58218
    0.21        0.47        9.56772
    0.22        0.47        9.55387
    0.23        0.47        9.54061
    0.24        0.47        9.52793
    0.25        0.47        9.51582
    0.26        0.47        9.50427
    0.27        0.47        9.49328
    0.28        0.47        9.48283
    0.29        0.47        9.47291
    0.3        0.47        9.46353
    0.31        0.47        9.45466
    0.32        0.47        9.44631
    0.33        0.47        9.43846
    0.34        0.47        9.43112
    0.35        0.47        9.42426
    0.36        0.47        9.41789
    0.37        0.47        9.41201
    0.38        0.47        9.4066
    0.39        0.47        9.40166
    0.4        0.47        9.39719
    0.41        0.47        9.39318
    0.42        0.47        9.38963
    0.43        0.47        9.38654
    0.44        0.47        9.38389
    0.45        0.47        9.3817
    0.46        0.47        9.37973
    0.47        0.47        9.37798
    0.48        0.47        9.37646
    0.49        0.47        9.37516
    0.5        0.47        9.37432
    0.01        0.48        9.98559
    0.02        0.48        9.95763
    0.03        0.48        9.93048
    0.04        0.48        9.90414
    0.05        0.48        9.87857
    0.06        0.48        9.85376
    0.07        0.48        9.82972
    0.08        0.48        9.80642
    0.09        0.48        9.78387
    0.1        0.48        9.76204
    0.11        0.48        9.74094
    0.12        0.48        9.72055
    0.13        0.48        9.70085
    0.14        0.48        9.68184
    0.15        0.48        9.66351
    0.16        0.48        9.64585
    0.17        0.48        9.62883
    0.18        0.48        9.61247
    0.19        0.48        9.59673
    0.2        0.48        9.58162
    0.21        0.48        9.56712
    0.22        0.48        9.55322
    0.23        0.48        9.53991
    0.24        0.48        9.52718
    0.25        0.48        9.51503
    0.26        0.48        9.50343
    0.27        0.48        9.4924
    0.28        0.48        9.4819
    0.29        0.48        9.47195
    0.3        0.48        9.46252
    0.31        0.48        9.45362
    0.32        0.48        9.44522
    0.33        0.48        9.43734
    0.34        0.48        9.42996
    0.35        0.48        9.42307
    0.36        0.48        9.41666
    0.37        0.48        9.41074
    0.38        0.48        9.4053
    0.39        0.48        9.40033
    0.4        0.48        9.39583
    0.41        0.48        9.39179
    0.42        0.48        9.38821
    0.43        0.48        9.38508
    0.44        0.48        9.38241
    0.45        0.48        9.38019
    0.46        0.48        9.37841
    0.47        0.48        9.37685
    0.48        0.48        9.37552
    0.49        0.48        9.37441
    0.5        0.48        9.37354
    0.01        0.49        9.98565
    0.02        0.49        9.95779
    0.03        0.49        9.9307
    0.04        0.49        9.90438
    0.05        0.49        9.87881
    0.06        0.49        9.85399
    0.07        0.49        9.82993
    0.08        0.49        9.8066
    0.09        0.49        9.78402
    0.1        0.49        9.76216
    0.11        0.49        9.74102
    0.12        0.49        9.72059
    0.13        0.49        9.70085
    0.14        0.49        9.68181
    0.15        0.49        9.66344
    0.16        0.49        9.64573
    0.17        0.49        9.62868
    0.18        0.49        9.61227
    0.19        0.49        9.5965
    0.2        0.49        9.58135
    0.21        0.49        9.56681
    0.22        0.49        9.55287
    0.23        0.49        9.53953
    0.24        0.49        9.52676
    0.25        0.49        9.51457
    0.26        0.49        9.50294
    0.27        0.49        9.49187
    0.28        0.49        9.48134
    0.29        0.49        9.47135
    0.3        0.49        9.46189
    0.31        0.49        9.45296
    0.32        0.49        9.44453
    0.33        0.49        9.43662
    0.34        0.49        9.4292
    0.35        0.49        9.42228
    0.36        0.49        9.41585
    0.37        0.49        9.4099
    0.38        0.49        9.40443
    0.39        0.49        9.39944
    0.4        0.49        9.39491
    0.41        0.49        9.39084
    0.42        0.49        9.38723
    0.43        0.49        9.38408
    0.44        0.49        9.38138
    0.45        0.49        9.37913
    0.46        0.49        9.37732
    0.47        0.49        9.37595
    0.48        0.49        9.3748
    0.49        0.49        9.37387
    0.5        0.49        9.37319
    0.01        0.5        9.98577
    0.02        0.5        9.95807
    0.03        0.5        9.93106
    0.04        0.5        9.90476
    0.05        0.5        9.87919
    0.06        0.5        9.85437
    0.07        0.5        9.83029
    0.08        0.5        9.80695
    0.09        0.5        9.78434
    0.1        0.5        9.76245
    0.11        0.5        9.74129
    0.12        0.5        9.72083
    0.13        0.5        9.70107
    0.14        0.5        9.682
    0.15        0.5        9.6636
    0.16        0.5        9.64586
    0.17        0.5        9.62879
    0.18        0.5        9.61235
    0.19        0.5        9.59655
    0.2        0.5        9.58137
    0.21        0.5        9.5668
    0.22        0.5        9.55284
    0.23        0.5        9.53946
    0.24        0.5        9.52667
    0.25        0.5        9.51445
    0.26        0.5        9.5028
    0.27        0.5        9.4917
    0.28        0.5        9.48115
    0.29        0.5        9.47113
    0.3        0.5        9.46165
    0.31        0.5        9.45268
    0.32        0.5        9.44423
    0.33        0.5        9.43629
    0.34        0.5        9.42886
    0.35        0.5        9.42191
    0.36        0.5        9.41546
    0.37        0.5        9.40948
    0.38        0.5        9.40399
    0.39        0.5        9.39897
    0.4        0.5        9.39442
    0.41        0.5        9.39033
    0.42        0.5        9.3867
    0.43        0.5        9.38352
    0.44        0.5        9.3808
    0.45        0.5        9.37852
    0.46        0.5        9.37668
    0.47        0.5        9.37528
    0.48        0.5        9.3743
    0.49        0.5        9.37353
    0.5        0.5        9.37302
