x position        y position        field value
    0.01        0.51        9.98599
    0.02        0.51        9.98606
    0.03        0.51        9.98604
    0.04        0.51        9.98602
    0.05        0.51        9.98601
    0.06        0.51        9.98601
    0.07        0.51        9.98603
    0.08        0.51        9.98605
    0.09        0.51        9.98608
    0.1        0.51        9.98613
    0.11        0.51        9.98618
    0.12        0.51        9.98624
    0.13        0.51        9.98631
    0.14        0.51        9.98639
    0.15        0.51        9.98648
    0.16        0.51        9.98658
    0.17        0.51        9.98669
    0.18        0.51        9.98681
    0.19        0.51        9.98693
    0.2        0.51        9.98707
    0.21        0.51        9.98722
    0.22        0.51        9.98737
    0.23        0.51        9.98754
    0.24        0.51        9.98772
    0.25        0.51        9.98791
    0.26        0.51        9.98811
    0.27        0.51        9.98832
    0.28        0.51        9.98855
    0.29        0.51        9.98879
    0.3        0.51        9.98904
    0.31        0.51        9.9893
    0.32        0.51        9.98958
    0.33        0.51        9.98988
    0.34        0.51        9.99019
    0.35        0.51        9.99052
    0.36        0.51        9.99087
    0.37        0.51        9.99124
    0.38        0.51        9.99163
    0.39        0.51        9.99204
    0.4        0.51        9.99248
    0.41        0.51        9.99294
    0.42        0.51        9.99344
    0.43        0.51        9.99396
    0.44        0.51        9.99453
    0.45        0.51        9.99514
    0.46        0.51        9.9958
    0.47        0.51        9.99653
    0.48        0.51        9.99733
    0.49        0.51        9.99824
    0.5        0.51        9.99932
    0.01        0.52        9.95829
    0.02        0.52        9.95848
    0.03        0.52        9.95857
    0.04        0.52        9.95849
    0.05        0.52        9.95847
    0.06        0.52        9.95847
    0.07        0.52        9.95852
    0.08        0.52        9.95859
    0.09        0.52        9.95869
    0.1        0.52        9.95883
    0.11        0.52        9.95898
    0.12        0.52        9.95917
    0.13        0.52        9.95938
    0.14        0.52        9.95962
    0.15        0.52        9.95989
    0.16        0.52        9.96019
    0.17        0.52        9.96051
    0.18        0.52        9.96086
    0.19        0.52        9.96124
    0.2        0.52        9.96165
    0.21        0.52        9.96209
    0.22        0.52        9.96256
    0.23        0.52        9.96306
    0.24        0.52        9.9636
    0.25        0.52        9.96416
    0.26        0.52        9.96477
    0.27        0.52        9.9654
    0.28        0.52        9.96608
    0.29        0.52        9.96679
    0.3        0.52        9.96755
    0.31        0.52        9.96834
    0.32        0.52        9.96918
    0.33        0.52        9.97007
    0.34        0.52        9.97101
    0.35        0.52        9.972
    0.36        0.52        9.97304
    0.37        0.52        9.97414
    0.38        0.52        9.97531
    0.39        0.52        9.97655
    0.4        0.52        9.97785
    0.41        0.52        9.97925
    0.42        0.52        9.98073
    0.43        0.52        9.9823
    0.44        0.52        9.984
    0.45        0.52        9.98582
    0.46        0.52        9.98779
    0.47        0.52        9.98995
    0.48        0.52        9.99233
    0.49        0.52        9.99501
    0.5        0.52        9.99812
    0.01        0.53        9.93107
    0.02        0.53        9.93145
    0.03        0.53        9.93171
    0.04        0.53        9.93183
    0.05        0.53        9.93178
    0.06        0.53        9.9318
    0.07        0.53        9.93188
    0.08        0.53        9.932
    0.09        0.53        9.93218
    0.1        0.53        9.93239
    0.11        0.53        9.93266
    0.12        0.53        9.93297
    0.13        0.53        9.93333
    0.14        0.53        9.93373
    0.15        0.53        9.93417
    0.16        0.53        9.93467
    0.17        0.53        9.9352
    0.18        0.53        9.93579
    0.19        0.53        9.93642
    0.2        0.53        9.9371
    0.21        0.53        9.93784
    0.22        0.53        9.93862
    0.23        0.53        9.93945
    0.24        0.53        9.94034
    0.25        0.53        9.94129
    0.26        0.53        9.94229
    0.27        0.53        9.94335
    0.28        0.53        9.94447
    0.29        0.53        9.94566
    0.3        0.53        9.94692
    0.31        0.53        9.94824
    0.32        0.53        9.94964
    0.33        0.53        9.95112
    0.34        0.53        9.95267
    0.35        0.53        9.95432
    0.36        0.53        9.95605
    0.37        0.53        9.95789
    0.38        0.53        9.95983
    0.39        0.53        9.96188
    0.4        0.53        9.96405
    0.41        0.53        9.96636
    0.42        0.53        9.96881
    0.43        0.53        9.97143
    0.44        0.53        9.97423
    0.45        0.53        9.97725
    0.46        0.53        9.9805
    0.47        0.53        9.98404
    0.48        0.53        9.98793
    0.49        0.53        9.99226
    0.5        0.53        9.99717
    0.01        0.54        9.90443
    0.02        0.54        9.90499
    0.03        0.54        9.90544
    0.04        0.54        9.90576
    0.05        0.54        9.90594
    0.06        0.54        9.90598
    0.07        0.54        9.90609
    0.08        0.54        9.90627
    0.09        0.54        9.90651
    0.1        0.54        9.90682
    0.11        0.54        9.90719
    0.12        0.54        9.90763
    0.13        0.54        9.90812
    0.14        0.54        9.90869
    0.15        0.54        9.90931
    0.16        0.54        9.91
    0.17        0.54        9.91075
    0.18        0.54        9.91157
    0.19        0.54        9.91245
    0.2        0.54        9.91341
    0.21        0.54        9.91443
    0.22        0.54        9.91552
    0.23        0.54        9.91669
    0.24        0.54        9.91793
    0.25        0.54        9.91925
    0.26        0.54        9.92065
    0.27        0.54        9.92213
    0.28        0.54        9.9237
    0.29        0.54        9.92536
    0.3        0.54        9.92711
    0.31        0.54        9.92896
    0.32        0.54        9.93092
    0.33        0.54        9.93298
    0.34        0.54        9.93515
    0.35        0.54        9.93745
    0.36        0.54        9.93987
    0.37        0.54        9.94242
    0.38        0.54        9.94513
    0.39        0.54        9.94799
    0.4        0.54        9.95101
    0.41        0.54        9.95423
    0.42        0.54        9.95764
    0.43        0.54        9.96128
    0.44        0.54        9.96516
    0.45        0.54        9.96933
    0.46        0.54        9.97382
    0.47        0.54        9.97869
    0.48        0.54        9.98399
    0.49        0.54        9.98984
    0.5        0.54        9.99634
    0.01        0.55        9.87857
    0.02        0.55        9.8791
    0.03        0.55        9.87975
    0.04        0.55        9.88029
    0.05        0.55        9.8807
    0.06        0.55        9.88098
    0.07        0.55        9.88113
    0.08        0.55        9.88136
    0.09        0.55        9.88168
    0.1        0.55        9.88208
    0.11        0.55        9.88256
    0.12        0.55        9.88312
    0.13        0.55        9.88376
    0.14        0.55        9.88448
    0.15        0.55        9.88528
    0.16        0.55        9.88616
    0.17        0.55        9.88713
    0.18        0.55        9.88818
    0.19        0.55        9.88932
    0.2        0.55        9.89054
    0.21        0.55        9.89185
    0.22        0.55        9.89325
    0.23        0.55        9.89475
    0.24        0.55        9.89634
    0.25        0.55        9.89803
    0.26        0.55        9.89983
    0.27        0.55        9.90173
    0.28        0.55        9.90374
    0.29        0.55        9.90587
    0.3        0.55        9.90811
    0.31        0.55        9.91048
    0.32        0.55        9.91299
    0.33        0.55        9.91563
    0.34        0.55        9.91841
    0.35        0.55        9.92135
    0.36        0.55        9.92445
    0.37        0.55        9.92772
    0.38        0.55        9.93117
    0.39        0.55        9.93483
    0.4        0.55        9.93869
    0.41        0.55        9.94279
    0.42        0.55        9.94714
    0.43        0.55        9.95177
    0.44        0.55        9.95671
    0.45        0.55        9.96199
    0.46        0.55        9.96767
    0.47        0.55        9.97379
    0.48        0.55        9.98042
    0.49        0.55        9.98766
    0.5        0.55        9.99561
    0.01        0.56        9.85348
    0.02        0.56        9.85399
    0.03        0.56        9.85463
    0.04        0.56        9.85539
    0.05        0.56        9.85604
    0.06        0.56        9.85657
    0.07        0.56        9.85698
    0.08        0.56        9.85727
    0.09        0.56        9.85767
    0.1        0.56        9.85816
    0.11        0.56        9.85875
    0.12        0.56        9.85943
    0.13        0.56        9.86021
    0.14        0.56        9.86109
    0.15        0.56        9.86207
    0.16        0.56        9.86315
    0.17        0.56        9.86433
    0.18        0.56        9.86561
    0.19        0.56        9.86699
    0.2        0.56        9.86848
    0.21        0.56        9.87008
    0.22        0.56        9.87179
    0.23        0.56        9.87361
    0.24        0.56        9.87555
    0.25        0.56        9.87761
    0.26        0.56        9.8798
    0.27        0.56        9.88212
    0.28        0.56        9.88457
    0.29        0.56        9.88716
    0.3        0.56        9.88989
    0.31        0.56        9.89277
    0.32        0.56        9.89582
    0.33        0.56        9.89903
    0.34        0.56        9.90242
    0.35        0.56        9.90599
    0.36        0.56        9.90975
    0.37        0.56        9.91373
    0.38        0.56        9.91792
    0.39        0.56        9.92235
    0.4        0.56        9.92704
    0.41        0.56        9.932
    0.42        0.56        9.93727
    0.43        0.56        9.94286
    0.44        0.56        9.94881
    0.45        0.56        9.95516
    0.46        0.56        9.96196
    0.47        0.56        9.96927
    0.48        0.56        9.97714
    0.49        0.56        9.98567
    0.5        0.56        9.99494
    0.01        0.57        9.82916
    0.02        0.57        9.82965
    0.03        0.57        9.83028
    0.04        0.57        9.83105
    0.05        0.57        9.83194
    0.06        0.57        9.83273
    0.07        0.57        9.83341
    0.08        0.57        9.83399
    0.09        0.57        9.83446
    0.1        0.57        9.83504
    0.11        0.57        9.83574
    0.12        0.57        9.83655
    0.13        0.57        9.83747
    0.14        0.57        9.83851
    0.15        0.57        9.83966
    0.16        0.57        9.84093
    0.17        0.57        9.84232
    0.18        0.57        9.84383
    0.19        0.57        9.84546
    0.2        0.57        9.84722
    0.21        0.57        9.8491
    0.22        0.57        9.85111
    0.23        0.57        9.85326
    0.24        0.57        9.85554
    0.25        0.57        9.85797
    0.26        0.57        9.86054
    0.27        0.57        9.86327
    0.28        0.57        9.86615
    0.29        0.57        9.8692
    0.3        0.57        9.87241
    0.31        0.57        9.87581
    0.32        0.57        9.87939
    0.33        0.57        9.88316
    0.34        0.57        9.88714
    0.35        0.57        9.89133
    0.36        0.57        9.89575
    0.37        0.57        9.90041
    0.38        0.57        9.90533
    0.39        0.57        9.91052
    0.4        0.57        9.91601
    0.41        0.57        9.92182
    0.42        0.57        9.92796
    0.43        0.57        9.93448
    0.44        0.57        9.94141
    0.45        0.57        9.94879
    0.46        0.57        9.95666
    0.47        0.57        9.96508
    0.48        0.57        9.97412
    0.49        0.57        9.98384
    0.5        0.57        9.99433
    0.01        0.58        9.8056
    0.02        0.58        9.80608
    0.03        0.58        9.80671
    0.04        0.58        9.80748
    0.05        0.58        9.80839
    0.06        0.58        9.80944
    0.07        0.58        9.81039
    0.08        0.58        9.81126
    0.09        0.58        9.81203
    0.1        0.58        9.81271
    0.11        0.58        9.81351
    0.12        0.58        9.81445
    0.13        0.58        9.81551
    0.14        0.58        9.81671
    0.15        0.58        9.81804
    0.16        0.58        9.8195
    0.17        0.58        9.8211
    0.18        0.58        9.82283
    0.19        0.58        9.82471
    0.2        0.58        9.82672
    0.21        0.58        9.82889
    0.22        0.58        9.8312
    0.23        0.58        9.83367
    0.24        0.58        9.83629
    0.25        0.58        9.83908
    0.26        0.58        9.84204
    0.27        0.58        9.84516
    0.28        0.58        9.84847
    0.29        0.58        9.85197
    0.3        0.58        9.85566
    0.31        0.58        9.85955
    0.32        0.58        9.86366
    0.33        0.58        9.86798
    0.34        0.58        9.87254
    0.35        0.58        9.87734
    0.36        0.58        9.88241
    0.37        0.58        9.88774
    0.38        0.58        9.89337
    0.39        0.58        9.8993
    0.4        0.58        9.90557
    0.41        0.58        9.91219
    0.42        0.58        9.91919
    0.43        0.58        9.9266
    0.44        0.58        9.93446
    0.45        0.58        9.94282
    0.46        0.58        9.9517
    0.47        0.58        9.96118
    0.48        0.58        9.9713
    0.49        0.58        9.98214
    0.5        0.58        9.99376
    0.01        0.59        9.78279
    0.02        0.59        9.78326
    0.03        0.59        9.78389
    0.04        0.59        9.78467
    0.05        0.59        9.78561
    0.06        0.59        9.78669
    0.07        0.59        9.78792
    0.08        0.59        9.78907
    0.09        0.59        9.79015
    0.1        0.59        9.79114
    0.11        0.59        9.79206
    0.12        0.59        9.79312
    0.13        0.59        9.79432
    0.14        0.59        9.79568
    0.15        0.59        9.79718
    0.16        0.59        9.79883
    0.17        0.59        9.80063
    0.18        0.59        9.80259
    0.19        0.59        9.80471
    0.2        0.59        9.80699
    0.21        0.59        9.80943
    0.22        0.59        9.81204
    0.23        0.59        9.81482
    0.24        0.59        9.81778
    0.25        0.59        9.82092
    0.26        0.59        9.82425
    0.27        0.59        9.82778
    0.28        0.59        9.83151
    0.29        0.59        9.83545
    0.3        0.59        9.8396
    0.31        0.59        9.84399
    0.32        0.59        9.84861
    0.33        0.59        9.85347
    0.34        0.59        9.8586
    0.35        0.59        9.864
    0.36        0.59        9.86969
    0.37        0.59        9.87568
    0.38        0.59        9.88199
    0.39        0.59        9.88865
    0.4        0.59        9.89567
    0.41        0.59        9.90307
    0.42        0.59        9.9109
    0.43        0.59        9.91917
    0.44        0.59        9.92793
    0.45        0.59        9.93721
    0.46        0.59        9.94706
    0.47        0.59        9.95753
    0.48        0.59        9.96867
    0.49        0.59        9.98055
    0.5        0.59        9.99323
    0.01        0.6        9.76072
    0.02        0.6        9.76119
    0.03        0.6        9.76182
    0.04        0.6        9.76261
    0.05        0.6        9.76357
    0.06        0.6        9.76469
    0.07        0.6        9.76598
    0.08        0.6        9.76742
    0.09        0.6        9.7688
    0.1        0.6        9.77011
    0.11        0.6        9.77136
    0.12        0.6        9.77254
    0.13        0.6        9.77389
    0.14        0.6        9.7754
    0.15        0.6        9.77707
    0.16        0.6        9.77891
    0.17        0.6        9.78092
    0.18        0.6        9.7831
    0.19        0.6        9.78545
    0.2        0.6        9.78798
    0.21        0.6        9.7907
    0.22        0.6        9.7936
    0.23        0.6        9.79669
    0.24        0.6        9.79998
    0.25        0.6        9.80347
    0.26        0.6        9.80718
    0.27        0.6        9.81109
    0.28        0.6        9.81523
    0.29        0.6        9.81961
    0.3        0.6        9.82422
    0.31        0.6        9.82908
    0.32        0.6        9.83421
    0.33        0.6        9.83961
    0.34        0.6        9.84529
    0.35        0.6        9.85127
    0.36        0.6        9.85757
    0.37        0.6        9.8642
    0.38        0.6        9.87118
    0.39        0.6        9.87853
    0.4        0.6        9.88628
    0.41        0.6        9.89444
    0.42        0.6        9.90306
    0.43        0.6        9.91216
    0.44        0.6        9.92177
    0.45        0.6        9.93193
    0.46        0.6        9.9427
    0.47        0.6        9.95411
    0.48        0.6        9.96621
    0.49        0.6        9.97907
    0.5        0.6        9.99273
    0.01        0.61        9.73939
    0.02        0.61        9.73985
    0.03        0.61        9.74048
    0.04        0.61        9.74129
    0.05        0.61        9.74227
    0.06        0.61        9.74344
    0.07        0.61        9.74477
    0.08        0.61        9.74628
    0.09        0.61        9.74796
    0.1        0.61        9.7496
    0.11        0.61        9.75118
    0.12        0.61        9.75271
    0.13        0.61        9.75419
    0.14        0.61        9.75585
    0.15        0.61        9.75769
    0.16        0.61        9.75972
    0.17        0.61        9.76193
    0.18        0.61        9.76432
    0.19        0.61        9.76691
    0.2        0.61        9.7697
    0.21        0.61        9.77268
    0.22        0.61        9.77587
    0.23        0.61        9.77927
    0.24        0.61        9.78288
    0.25        0.61        9.78672
    0.26        0.61        9.79078
    0.27        0.61        9.79508
    0.28        0.61        9.79963
    0.29        0.61        9.80443
    0.3        0.61        9.80949
    0.31        0.61        9.81482
    0.32        0.61        9.82044
    0.33        0.61        9.82635
    0.34        0.61        9.83258
    0.35        0.61        9.83913
    0.36        0.61        9.84602
    0.37        0.61        9.85327
    0.38        0.61        9.86089
    0.39        0.61        9.86892
    0.4        0.61        9.87737
    0.41        0.61        9.88627
    0.42        0.61        9.89564
    0.43        0.61        9.90553
    0.44        0.61        9.91595
    0.45        0.61        9.92696
    0.46        0.61        9.93859
    0.47        0.61        9.95089
    0.48        0.61        9.9639
    0.49        0.61        9.97767
    0.5        0.61        9.99227
    0.01        0.62        9.71878
    0.02        0.62        9.71923
    0.03        0.62        9.71987
    0.04        0.62        9.72069
    0.05        0.62        9.7217
    0.06        0.62        9.7229
    0.07        0.62        9.72429
    0.08        0.62        9.72587
    0.09        0.62        9.72763
    0.1        0.62        9.72958
    0.11        0.62        9.73149
    0.12        0.62        9.73337
    0.13        0.62        9.73522
    0.14        0.62        9.73703
    0.15        0.62        9.73904
    0.16        0.62        9.74124
    0.17        0.62        9.74365
    0.18        0.62        9.74626
    0.19        0.62        9.74908
    0.2        0.62        9.75211
    0.21        0.62        9.75536
    0.22        0.62        9.75883
    0.23        0.62        9.76253
    0.24        0.62        9.76646
    0.25        0.62        9.77063
    0.26        0.62        9.77505
    0.27        0.62        9.77973
    0.28        0.62        9.78467
    0.29        0.62        9.78988
    0.3        0.62        9.79538
    0.31        0.62        9.80117
    0.32        0.62        9.80727
    0.33        0.62        9.81369
    0.34        0.62        9.82044
    0.35        0.62        9.82754
    0.36        0.62        9.83501
    0.37        0.62        9.84285
    0.38        0.62        9.85111
    0.39        0.62        9.85978
    0.4        0.62        9.86891
    0.41        0.62        9.87851
    0.42        0.62        9.88862
    0.43        0.62        9.89925
    0.44        0.62        9.91046
    0.45        0.62        9.92227
    0.46        0.62        9.93472
    0.47        0.62        9.94785
    0.48        0.62        9.96172
    0.49        0.62        9.97636
    0.5        0.62        9.99183
    0.01        0.63        9.69888
    0.02        0.63        9.69932
    0.03        0.63        9.69996
    0.04        0.63        9.7008
    0.05        0.63        9.70184
    0.06        0.63        9.70308
    0.07        0.63        9.70452
    0.08        0.63        9.70617
    0.09        0.63        9.70801
    0.1        0.63        9.71005
    0.11        0.63        9.71229
    0.12        0.63        9.71452
    0.13        0.63        9.71672
    0.14        0.63        9.71891
    0.15        0.63        9.72108
    0.16        0.63        9.72347
    0.17        0.63        9.72607
    0.18        0.63        9.72889
    0.19        0.63        9.73194
    0.2        0.63        9.73521
    0.21        0.63        9.73872
    0.22        0.63        9.74246
    0.23        0.63        9.74646
    0.24        0.63        9.7507
    0.25        0.63        9.7552
    0.26        0.63        9.75997
    0.27        0.63        9.76501
    0.28        0.63        9.77034
    0.29        0.63        9.77596
    0.3        0.63        9.78188
    0.31        0.63        9.78812
    0.32        0.63        9.79469
    0.33        0.63        9.80159
    0.34        0.63        9.80886
    0.35        0.63        9.81649
    0.36        0.63        9.82451
    0.37        0.63        9.83294
    0.38        0.63        9.8418
    0.39        0.63        9.8511
    0.4        0.63        9.86088
    0.41        0.63        9.87115
    0.42        0.63        9.88195
    0.43        0.63        9.89331
    0.44        0.63        9.90526
    0.45        0.63        9.91783
    0.46        0.63        9.93106
    0.47        0.63        9.94499
    0.48        0.63        9.95967
    0.49        0.63        9.97513
    0.5        0.63        9.99142
    0.01        0.64        9.67968
    0.02        0.64        9.68012
    0.03        0.64        9.68076
    0.04        0.64        9.68162
    0.05        0.64        9.68268
    0.06        0.64        9.68397
    0.07        0.64        9.68546
    0.08        0.64        9.68716
    0.09        0.64        9.68908
    0.1        0.64        9.69122
    0.11        0.64        9.69357
    0.12        0.64        9.69613
    0.13        0.64        9.6987
    0.14        0.64        9.70126
    0.15        0.64        9.70381
    0.16        0.64        9.70638
    0.17        0.64        9.70917
    0.18        0.64        9.7122
    0.19        0.64        9.71546
    0.2        0.64        9.71898
    0.21        0.64        9.72274
    0.22        0.64        9.72675
    0.23        0.64        9.73103
    0.24        0.64        9.73558
    0.25        0.64        9.7404
    0.26        0.64        9.74551
    0.27        0.64        9.75091
    0.28        0.64        9.75661
    0.29        0.64        9.76263
    0.3        0.64        9.76897
    0.31        0.64        9.77564
    0.32        0.64        9.78266
    0.33        0.64        9.79004
    0.34        0.64        9.7978
    0.35        0.64        9.80595
    0.36        0.64        9.81451
    0.37        0.64        9.8235
    0.38        0.64        9.83294
    0.39        0.64        9.84284
    0.4        0.64        9.85325
    0.41        0.64        9.86417
    0.42        0.64        9.87564
    0.43        0.64        9.88768
    0.44        0.64        9.90034
    0.45        0.64        9.91363
    0.46        0.64        9.9276
    0.47        0.64        9.94229
    0.48        0.64        9.95772
    0.49        0.64        9.97396
    0.5        0.64        9.99103
    0.01        0.65        9.66117
    0.02        0.65        9.6616
    0.03        0.65        9.66225
    0.04        0.65        9.66312
    0.05        0.65        9.66421
    0.06        0.65        9.66553
    0.07        0.65        9.66708
    0.08        0.65        9.66885
    0.09        0.65        9.67085
    0.1        0.65        9.67307
    0.11        0.65        9.67552
    0.12        0.65        9.67821
    0.13        0.65        9.68112
    0.14        0.65        9.68405
    0.15        0.65        9.68699
    0.16        0.65        9.68995
    0.17        0.65        9.69293
    0.18        0.65        9.69616
    0.19        0.65        9.69965
    0.2        0.65        9.70339
    0.21        0.65        9.7074
    0.22        0.65        9.71168
    0.23        0.65        9.71624
    0.24        0.65        9.72108
    0.25        0.65        9.72622
    0.26        0.65        9.73166
    0.27        0.65        9.73741
    0.28        0.65        9.74348
    0.29        0.65        9.74987
    0.3        0.65        9.75661
    0.31        0.65        9.76371
    0.32        0.65        9.77117
    0.33        0.65        9.77901
    0.34        0.65        9.78725
    0.35        0.65        9.7959
    0.36        0.65        9.80498
    0.37        0.65        9.81451
    0.38        0.65        9.82451
    0.39        0.65        9.83499
    0.4        0.65        9.846
    0.41        0.65        9.85754
    0.42        0.65        9.86964
    0.43        0.65        9.88235
    0.44        0.65        9.89567
    0.45        0.65        9.90965
    0.46        0.65        9.92433
    0.47        0.65        9.93973
    0.48        0.65        9.95589
    0.49        0.65        9.97285
    0.5        0.65        9.99066
    0.01        0.66        9.64334
    0.02        0.66        9.64375
    0.03        0.66        9.64441
    0.04        0.66        9.6453
    0.05        0.66        9.64642
    0.06        0.66        9.64778
    0.07        0.66        9.64937
    0.08        0.66        9.65121
    0.09        0.66        9.65328
    0.1        0.66        9.65559
    0.11        0.66        9.65815
    0.12        0.66        9.66094
    0.13        0.66        9.66399
    0.14        0.66        9.66728
    0.15        0.66        9.67061
    0.16        0.66        9.67396
    0.17        0.66        9.67735
    0.18        0.66        9.68077
    0.19        0.66        9.68447
    0.2        0.66        9.68844
    0.21        0.66        9.69269
    0.22        0.66        9.69723
    0.23        0.66        9.70206
    0.24        0.66        9.7072
    0.25        0.66        9.71264
    0.26        0.66        9.7184
    0.27        0.66        9.72448
    0.28        0.66        9.73091
    0.29        0.66        9.73768
    0.3        0.66        9.74481
    0.31        0.66        9.75231
    0.32        0.66        9.7602
    0.33        0.66        9.76849
    0.34        0.66        9.77719
    0.35        0.66        9.78632
    0.36        0.66        9.7959
    0.37        0.66        9.80595
    0.38        0.66        9.81649
    0.39        0.66        9.82753
    0.4        0.66        9.83911
    0.41        0.66        9.85124
    0.42        0.66        9.86396
    0.43        0.66        9.87728
    0.44        0.66        9.89125
    0.45        0.66        9.90589
    0.46        0.66        9.92123
    0.47        0.66        9.93731
    0.48        0.66        9.95415
    0.49        0.66        9.97181
    0.5        0.66        9.99031
    0.01        0.67        9.62617
    0.02        0.67        9.62658
    0.03        0.67        9.62723
    0.04        0.67        9.62814
    0.05        0.67        9.62929
    0.06        0.67        9.63069
    0.07        0.67        9.63233
    0.08        0.67        9.63423
    0.09        0.67        9.63637
    0.1        0.67        9.63877
    0.11        0.67        9.64143
    0.12        0.67        9.64434
    0.13        0.67        9.64751
    0.14        0.67        9.65094
    0.15        0.67        9.65464
    0.16        0.67        9.65838
    0.17        0.67        9.66217
    0.18        0.67        9.66601
    0.19        0.67        9.66992
    0.2        0.67        9.67411
    0.21        0.67        9.6786
    0.22        0.67        9.68339
    0.23        0.67        9.68848
    0.24        0.67        9.6939
    0.25        0.67        9.69964
    0.26        0.67        9.70571
    0.27        0.67        9.71212
    0.28        0.67        9.71889
    0.29        0.67        9.72603
    0.3        0.67        9.73353
    0.31        0.67        9.74143
    0.32        0.67        9.74973
    0.33        0.67        9.75845
    0.34        0.67        9.7676
    0.35        0.67        9.77719
    0.36        0.67        9.78726
    0.37        0.67        9.7978
    0.38        0.67        9.80886
    0.39        0.67        9.82043
    0.4        0.67        9.83256
    0.41        0.67        9.84526
    0.42        0.67        9.85856
    0.43        0.67        9.87248
    0.44        0.67        9.88706
    0.45        0.67        9.90232
    0.46        0.67        9.91829
    0.47        0.67        9.93501
    0.48        0.67        9.95251
    0.49        0.67        9.97082
    0.5        0.67        9.98998
    0.01        0.68        9.60965
    0.02        0.68        9.61005
    0.03        0.68        9.61072
    0.04        0.68        9.61163
    0.05        0.68        9.61281
    0.06        0.68        9.61425
    0.07        0.68        9.61594
    0.08        0.68        9.6179
    0.09        0.68        9.62012
    0.1        0.68        9.6226
    0.11        0.68        9.62535
    0.12        0.68        9.62837
    0.13        0.68        9.63166
    0.14        0.68        9.63523
    0.15        0.68        9.63907
    0.16        0.68        9.6432
    0.17        0.68        9.64739
    0.18        0.68        9.65165
    0.19        0.68        9.65598
    0.2        0.68        9.66038
    0.21        0.68        9.6651
    0.22        0.68        9.67013
    0.23        0.68        9.67549
    0.24        0.68        9.68118
    0.25        0.68        9.6872
    0.26        0.68        9.69358
    0.27        0.68        9.70031
    0.28        0.68        9.70741
    0.29        0.68        9.7149
    0.3        0.68        9.72277
    0.31        0.68        9.73105
    0.32        0.68        9.73975
    0.33        0.68        9.74888
    0.34        0.68        9.75846
    0.35        0.68        9.7685
    0.36        0.68        9.77903
    0.37        0.68        9.79005
    0.38        0.68        9.8016
    0.39        0.68        9.81369
    0.4        0.68        9.82634
    0.41        0.68        9.83958
    0.42        0.68        9.85344
    0.43        0.68        9.86793
    0.44        0.68        9.88309
    0.45        0.68        9.89894
    0.46        0.68        9.91551
    0.47        0.68        9.93284
    0.48        0.68        9.95095
    0.49        0.68        9.96989
    0.5        0.68        9.98967
    0.01        0.69        9.59378
    0.02        0.69        9.59417
    0.03        0.69        9.59484
    0.04        0.69        9.59577
    0.05        0.69        9.59697
    0.06        0.69        9.59845
    0.07        0.69        9.60019
    0.08        0.69        9.6022
    0.09        0.69        9.60449
    0.1        0.69        9.60706
    0.11        0.69        9.60991
    0.12        0.69        9.61303
    0.13        0.69        9.61644
    0.14        0.69        9.62014
    0.15        0.69        9.62413
    0.16        0.69        9.62841
    0.17        0.69        9.633
    0.18        0.69        9.63766
    0.19        0.69        9.64241
    0.2        0.69        9.64725
    0.21        0.69        9.65219
    0.22        0.69        9.65746
    0.23        0.69        9.66306
    0.24        0.69        9.66901
    0.25        0.69        9.67532
    0.26        0.69        9.68199
    0.27        0.69        9.68903
    0.28        0.69        9.69645
    0.29        0.69        9.70427
    0.3        0.69        9.7125
    0.31        0.69        9.72115
    0.32        0.69        9.73023
    0.33        0.69        9.73976
    0.34        0.69        9.74975
    0.35        0.69        9.76022
    0.36        0.69        9.77119
    0.37        0.69        9.78268
    0.38        0.69        9.7947
    0.39        0.69        9.80728
    0.4        0.69        9.82044
    0.41        0.69        9.83419
    0.42        0.69        9.84858
    0.43        0.69        9.86361
    0.44        0.69        9.87932
    0.45        0.69        9.89573
    0.46        0.69        9.91288
    0.47        0.69        9.93078
    0.48        0.69        9.94948
    0.49        0.69        9.969
    0.5        0.69        9.98937
    0.01        0.7        9.57854
    0.02        0.7        9.57893
    0.03        0.7        9.57959
    0.04        0.7        9.58054
    0.05        0.7        9.58177
    0.06        0.7        9.58327
    0.07        0.7        9.58506
    0.08        0.7        9.58714
    0.09        0.7        9.5895
    0.1        0.7        9.59214
    0.11        0.7        9.59508
    0.12        0.7        9.59831
    0.13        0.7        9.60183
    0.14        0.7        9.60566
    0.15        0.7        9.60979
    0.16        0.7        9.61422
    0.17        0.7        9.61897
    0.18        0.7        9.62404
    0.19        0.7        9.6292
    0.2        0.7        9.63447
    0.21        0.7        9.63985
    0.22        0.7        9.64534
    0.23        0.7        9.65119
    0.24        0.7        9.6574
    0.25        0.7        9.66397
    0.26        0.7        9.67092
    0.27        0.7        9.67826
    0.28        0.7        9.686
    0.29        0.7        9.69414
    0.3        0.7        9.70271
    0.31        0.7        9.71171
    0.32        0.7        9.72116
    0.33        0.7        9.73107
    0.34        0.7        9.74147
    0.35        0.7        9.75235
    0.36        0.7        9.76375
    0.37        0.7        9.77567
    0.38        0.7        9.78815
    0.39        0.7        9.80119
    0.4        0.7        9.81483
    0.41        0.7        9.82908
    0.42        0.7        9.84397
    0.43        0.7        9.85951
    0.44        0.7        9.87575
    0.45        0.7        9.89269
    0.46        0.7        9.91038
    0.47        0.7        9.92883
    0.48        0.7        9.94808
    0.49        0.7        9.96816
    0.5        0.7        9.98909
    0.01        0.71        9.56392
    0.02        0.71        9.5643
    0.03        0.71        9.56497
    0.04        0.71        9.56593
    0.05        0.71        9.56718
    0.06        0.71        9.56872
    0.07        0.71        9.57056
    0.08        0.71        9.57269
    0.09        0.71        9.57511
    0.1        0.71        9.57784
    0.11        0.71        9.58086
    0.12        0.71        9.58419
    0.13        0.71        9.58783
    0.14        0.71        9.59178
    0.15        0.71        9.59604
    0.16        0.71        9.60062
    0.17        0.71        9.60553
    0.18        0.71        9.61076
    0.19        0.71        9.61634
    0.2        0.71        9.62203
    0.21        0.71        9.62784
    0.22        0.71        9.63378
    0.23        0.71        9.63986
    0.24        0.71        9.64632
    0.25        0.71        9.65315
    0.26        0.71        9.66037
    0.27        0.71        9.668
    0.28        0.71        9.67604
    0.29        0.71        9.68449
    0.3        0.71        9.69339
    0.31        0.71        9.70273
    0.32        0.71        9.71253
    0.33        0.71        9.72281
    0.34        0.71        9.73359
    0.35        0.71        9.74486
    0.36        0.71        9.75667
    0.37        0.71        9.76902
    0.38        0.71        9.78193
    0.39        0.71        9.79542
    0.4        0.71        9.80951
    0.41        0.71        9.82423
    0.42        0.71        9.83959
    0.43        0.71        9.85563
    0.44        0.71        9.87236
    0.45        0.71        9.88981
    0.46        0.71        9.90801
    0.47        0.71        9.92699
    0.48        0.71        9.94676
    0.49        0.71        9.96737
    0.5        0.71        9.98883
    0.01        0.72        9.54991
    0.02        0.72        9.55028
    0.03        0.72        9.55095
    0.04        0.72        9.55193
    0.05        0.72        9.5532
    0.06        0.72        9.55477
    0.07        0.72        9.55665
    0.08        0.72        9.55884
    0.09        0.72        9.56133
    0.1        0.72        9.56413
    0.11        0.72        9.56724
    0.12        0.72        9.57066
    0.13        0.72        9.57441
    0.14        0.72        9.57848
    0.15        0.72        9.58287
    0.16        0.72        9.58759
    0.17        0.72        9.59266
    0.18        0.72        9.59806
    0.19        0.72        9.60381
    0.2        0.72        9.60991
    0.21        0.72        9.61615
    0.22        0.72        9.62253
    0.23        0.72        9.62906
    0.24        0.72        9.63575
    0.25        0.72        9.64284
    0.26        0.72        9.65032
    0.27        0.72        9.65822
    0.28        0.72        9.66655
    0.29        0.72        9.67531
    0.3        0.72        9.68452
    0.31        0.72        9.69419
    0.32        0.72        9.70433
    0.33        0.72        9.71496
    0.34        0.72        9.7261
    0.35        0.72        9.73775
    0.36        0.72        9.74995
    0.37        0.72        9.7627
    0.38        0.72        9.77602
    0.39        0.72        9.78994
    0.4        0.72        9.80446
    0.41        0.72        9.81963
    0.42        0.72        9.83545
    0.43        0.72        9.85195
    0.44        0.72        9.86916
    0.45        0.72        9.88709
    0.46        0.72        9.90577
    0.47        0.72        9.92524
    0.48        0.72        9.94551
    0.49        0.72        9.96661
    0.5        0.72        9.98858
    0.01        0.73        9.5365
    0.02        0.73        9.53687
    0.03        0.73        9.53754
    0.04        0.73        9.53852
    0.05        0.73        9.53982
    0.06        0.73        9.54143
    0.07        0.73        9.54335
    0.08        0.73        9.54558
    0.09        0.73        9.54813
    0.1        0.73        9.55101
    0.11        0.73        9.5542
    0.12        0.73        9.55772
    0.13        0.73        9.56157
    0.14        0.73        9.56575
    0.15        0.73        9.57027
    0.16        0.73        9.57513
    0.17        0.73        9.58034
    0.18        0.73        9.5859
    0.19        0.73        9.59182
    0.2        0.73        9.59811
    0.21        0.73        9.60476
    0.22        0.73        9.61158
    0.23        0.73        9.61855
    0.24        0.73        9.62569
    0.25        0.73        9.63302
    0.26        0.73        9.64076
    0.27        0.73        9.64893
    0.28        0.73        9.65753
    0.29        0.73        9.66658
    0.3        0.73        9.67609
    0.31        0.73        9.68607
    0.32        0.73        9.69654
    0.33        0.73        9.70751
    0.34        0.73        9.71899
    0.35        0.73        9.73101
    0.36        0.73        9.74357
    0.37        0.73        9.75671
    0.38        0.73        9.77042
    0.39        0.73        9.78474
    0.4        0.73        9.79969
    0.41        0.73        9.81527
    0.42        0.73        9.83153
    0.43        0.73        9.84847
    0.44        0.73        9.86612
    0.45        0.73        9.88451
    0.46        0.73        9.90366
    0.47        0.73        9.92359
    0.48        0.73        9.94433
    0.49        0.73        9.9659
    0.5        0.73        9.98834
    0.01        0.74        9.52369
    0.02        0.74        9.52404
    0.03        0.74        9.52472
    0.04        0.74        9.52571
    0.05        0.74        9.52703
    0.06        0.74        9.52866
    0.07        0.74        9.53062
    0.08        0.74        9.53291
    0.09        0.74        9.53552
    0.1        0.74        9.53846
    0.11        0.74        9.54174
    0.12        0.74        9.54535
    0.13        0.74        9.5493
    0.14        0.74        9.55359
    0.15        0.74        9.55823
    0.16        0.74        9.56322
    0.17        0.74        9.56858
    0.18        0.74        9.57429
    0.19        0.74        9.58037
    0.2        0.74        9.58683
    0.21        0.74        9.59368
    0.22        0.74        9.60091
    0.23        0.74        9.60832
    0.24        0.74        9.61591
    0.25        0.74        9.62369
    0.26        0.74        9.63167
    0.27        0.74        9.64009
    0.28        0.74        9.64896
    0.29        0.74        9.65828
    0.3        0.74        9.66808
    0.31        0.74        9.67836
    0.32        0.74        9.68914
    0.33        0.74        9.70043
    0.34        0.74        9.71225
    0.35        0.74        9.72461
    0.36        0.74        9.73753
    0.37        0.74        9.75103
    0.38        0.74        9.76512
    0.39        0.74        9.77982
    0.4        0.74        9.79516
    0.41        0.74        9.81115
    0.42        0.74        9.82782
    0.43        0.74        9.84518
    0.44        0.74        9.86325
    0.45        0.74        9.88207
    0.46        0.74        9.90165
    0.47        0.74        9.92203
    0.48        0.74        9.94321
    0.49        0.74        9.96523
    0.5        0.74        9.98811
    0.01        0.75        9.51145
    0.02        0.75        9.5118
    0.03        0.75        9.51247
    0.04        0.75        9.51348
    0.05        0.75        9.51481
    0.06        0.75        9.51648
    0.07        0.75        9.51848
    0.08        0.75        9.52081
    0.09        0.75        9.52348
    0.1        0.75        9.52649
    0.11        0.75        9.52984
    0.12        0.75        9.53354
    0.13        0.75        9.53758
    0.14        0.75        9.54198
    0.15        0.75        9.54674
    0.16        0.75        9.55186
    0.17        0.75        9.55735
    0.18        0.75        9.56321
    0.19        0.75        9.56945
    0.2        0.75        9.57608
    0.21        0.75        9.5831
    0.22        0.75        9.59052
    0.23        0.75        9.59835
    0.24        0.75        9.60638
    0.25        0.75        9.61461
    0.26        0.75        9.62305
    0.27        0.75        9.63171
    0.28        0.75        9.64083
    0.29        0.75        9.65042
    0.3        0.75        9.66049
    0.31        0.75        9.67106
    0.32        0.75        9.68214
    0.33        0.75        9.69373
    0.34        0.75        9.70587
    0.35        0.75        9.71856
    0.36        0.75        9.73182
    0.37        0.75        9.74566
    0.38        0.75        9.76011
    0.39        0.75        9.77517
    0.4        0.75        9.79089
    0.41        0.75        9.80726
    0.42        0.75        9.82431
    0.43        0.75        9.84206
    0.44        0.75        9.86054
    0.45        0.75        9.87977
    0.46        0.75        9.89976
    0.47        0.75        9.92055
    0.48        0.75        9.94215
    0.49        0.75        9.9646
    0.5        0.75        9.9879
    0.01        0.76        9.49979
    0.02        0.76        9.50013
    0.03        0.76        9.5008
    0.04        0.76        9.50182
    0.05        0.76        9.50317
    0.06        0.76        9.50486
    0.07        0.76        9.50689
    0.08        0.76        9.50927
    0.09        0.76        9.512
    0.1        0.76        9.51507
    0.11        0.76        9.5185
    0.12        0.76        9.52227
    0.13        0.76        9.52641
    0.14        0.76        9.53091
    0.15        0.76        9.53578
    0.16        0.76        9.54102
    0.17        0.76        9.54664
    0.18        0.76        9.55265
    0.19        0.76        9.55904
    0.2        0.76        9.56583
    0.21        0.76        9.57302
    0.22        0.76        9.58062
    0.23        0.76        9.58865
    0.24        0.76        9.5971
    0.25        0.76        9.60576
    0.26        0.76        9.61465
    0.27        0.76        9.62377
    0.28        0.76        9.63313
    0.29        0.76        9.64297
    0.3        0.76        9.65331
    0.31        0.76        9.66415
    0.32        0.76        9.67551
    0.33        0.76        9.6874
    0.34        0.76        9.69983
    0.35        0.76        9.71283
    0.36        0.76        9.72641
    0.37        0.76        9.74058
    0.38        0.76        9.75537
    0.39        0.76        9.77078
    0.4        0.76        9.78685
    0.41        0.76        9.80358
    0.42        0.76        9.821
    0.43        0.76        9.83913
    0.44        0.76        9.85799
    0.45        0.76        9.8776
    0.46        0.76        9.89798
    0.47        0.76        9.91916
    0.48        0.76        9.94116
    0.49        0.76        9.964
    0.5        0.76        9.9877
    0.01        0.77        9.48869
    0.02        0.77        9.48902
    0.03        0.77        9.48969
    0.04        0.77        9.49071
    0.05        0.77        9.49208
    0.06        0.77        9.4938
    0.07        0.77        9.49587
    0.08        0.77        9.49829
    0.09        0.77        9.50107
    0.1        0.77        9.5042
    0.11        0.77        9.5077
    0.12        0.77        9.51156
    0.13        0.77        9.51578
    0.14        0.77        9.52038
    0.15        0.77        9.52536
    0.16        0.77        9.53071
    0.17        0.77        9.53646
    0.18        0.77        9.54259
    0.19        0.77        9.54913
    0.2        0.77        9.55607
    0.21        0.77        9.56343
    0.22        0.77        9.57121
    0.23        0.77        9.57941
    0.24        0.77        9.58806
    0.25        0.77        9.59715
    0.26        0.77        9.60647
    0.27        0.77        9.61604
    0.28        0.77        9.62585
    0.29        0.77        9.63594
    0.3        0.77        9.64652
    0.31        0.77        9.65762
    0.32        0.77        9.66925
    0.33        0.77        9.68141
    0.34        0.77        9.69414
    0.35        0.77        9.70743
    0.36        0.77        9.72131
    0.37        0.77        9.7358
    0.38        0.77        9.7509
    0.39        0.77        9.76664
    0.4        0.77        9.78304
    0.41        0.77        9.80012
    0.42        0.77        9.81788
    0.43        0.77        9.83637
    0.44        0.77        9.85558
    0.45        0.77        9.87555
    0.46        0.77        9.8963
    0.47        0.77        9.91785
    0.48        0.77        9.94022
    0.49        0.77        9.96344
    0.5        0.77        9.98752
    0.01        0.78        9.47814
    0.02        0.78        9.47846
    0.03        0.78        9.47914
    0.04        0.78        9.48016
    0.05        0.78        9.48155
    0.06        0.78        9.48329
    0.07        0.78        9.48539
    0.08        0.78        9.48785
    0.09        0.78        9.49068
    0.1        0.78        9.49387
    0.11        0.78        9.49743
    0.12        0.78        9.50137
    0.13        0.78        9.50568
    0.14        0.78        9.51037
    0.15        0.78        9.51545
    0.16        0.78        9.52092
    0.17        0.78        9.52678
    0.18        0.78        9.53304
    0.19        0.78        9.53972
    0.2        0.78        9.54681
    0.21        0.78        9.55432
    0.22        0.78        9.56226
    0.23        0.78        9.57064
    0.24        0.78        9.57947
    0.25        0.78        9.58875
    0.26        0.78        9.5985
    0.27        0.78        9.6085
    0.28        0.78        9.61876
    0.29        0.78        9.6293
    0.3        0.78        9.64012
    0.31        0.78        9.65146
    0.32        0.78        9.66334
    0.33        0.78        9.67577
    0.34        0.78        9.68877
    0.35        0.78        9.70234
    0.36        0.78        9.71651
    0.37        0.78        9.73129
    0.38        0.78        9.7467
    0.39        0.78        9.76275
    0.4        0.78        9.77946
    0.41        0.78        9.79686
    0.42        0.78        9.81495
    0.43        0.78        9.83377
    0.44        0.78        9.85332
    0.45        0.78        9.87363
    0.46        0.78        9.89473
    0.47        0.78        9.91662
    0.48        0.78        9.93934
    0.49        0.78        9.96291
    0.5        0.78        9.98734
    0.01        0.79        9.46814
    0.02        0.79        9.46845
    0.03        0.79        9.46912
    0.04        0.79        9.47016
    0.05        0.79        9.47156
    0.06        0.79        9.47332
    0.07        0.79        9.47545
    0.08        0.79        9.47795
    0.09        0.79        9.48083
    0.1        0.79        9.48407
    0.11        0.79        9.4877
    0.12        0.79        9.4917
    0.13        0.79        9.4961
    0.14        0.79        9.50087
    0.15        0.79        9.50605
    0.16        0.79        9.51162
    0.17        0.79        9.5176
    0.18        0.79        9.52399
    0.19        0.79        9.53079
    0.2        0.79        9.53802
    0.21        0.79        9.54568
    0.22        0.79        9.55377
    0.23        0.79        9.56232
    0.24        0.79        9.57132
    0.25        0.79        9.58079
    0.26        0.79        9.59073
    0.27        0.79        9.60115
    0.28        0.79        9.61185
    0.29        0.79        9.62282
    0.3        0.79        9.63409
    0.31        0.79        9.64567
    0.32        0.79        9.65779
    0.33        0.79        9.67047
    0.34        0.79        9.68372
    0.35        0.79        9.69756
    0.36        0.79        9.712
    0.37        0.79        9.72706
    0.38        0.79        9.74275
    0.39        0.79        9.75909
    0.4        0.79        9.7761
    0.41        0.79        9.7938
    0.42        0.79        9.8122
    0.43        0.79        9.83133
    0.44        0.79        9.8512
    0.45        0.79        9.87183
    0.46        0.79        9.89325
    0.47        0.79        9.91547
    0.48        0.79        9.93852
    0.49        0.79        9.96241
    0.5        0.79        9.98717
    0.01        0.8        9.45868
    0.02        0.8        9.45898
    0.03        0.8        9.45965
    0.04        0.8        9.46069
    0.05        0.8        9.4621
    0.06        0.8        9.46389
    0.07        0.8        9.46605
    0.08        0.8        9.46858
    0.09        0.8        9.4715
    0.1        0.8        9.4748
    0.11        0.8        9.47848
    0.12        0.8        9.48256
    0.13        0.8        9.48702
    0.14        0.8        9.49189
    0.15        0.8        9.49715
    0.16        0.8        9.50282
    0.17        0.8        9.50891
    0.18        0.8        9.51541
    0.19        0.8        9.52234
    0.2        0.8        9.5297
    0.21        0.8        9.5375
    0.22        0.8        9.54574
    0.23        0.8        9.55444
    0.24        0.8        9.56361
    0.25        0.8        9.57325
    0.26        0.8        9.58337
    0.27        0.8        9.59398
    0.28        0.8        9.6051
    0.29        0.8        9.6165
    0.3        0.8        9.62821
    0.31        0.8        9.64023
    0.32        0.8        9.65258
    0.33        0.8        9.6655
    0.34        0.8        9.67899
    0.35        0.8        9.69308
    0.36        0.8        9.70777
    0.37        0.8        9.72309
    0.38        0.8        9.73905
    0.39        0.8        9.75566
    0.4        0.8        9.77295
    0.41        0.8        9.79093
    0.42        0.8        9.80962
    0.43        0.8        9.82904
    0.44        0.8        9.84921
    0.45        0.8        9.87014
    0.46        0.8        9.89186
    0.47        0.8        9.91439
    0.48        0.8        9.93775
    0.49        0.8        9.96195
    0.5        0.8        9.98702
    0.01        0.81        9.44975
    0.02        0.81        9.45004
    0.03        0.81        9.4507
    0.04        0.81        9.45175
    0.05        0.81        9.45317
    0.06        0.81        9.45498
    0.07        0.81        9.45716
    0.08        0.81        9.45973
    0.09        0.81        9.46269
    0.1        0.81        9.46604
    0.11        0.81        9.46978
    0.12        0.81        9.47392
    0.13        0.81        9.47845
    0.14        0.81        9.48339
    0.15        0.81        9.48875
    0.16        0.81        9.49451
    0.17        0.81        9.5007
    0.18        0.81        9.50731
    0.19        0.81        9.51436
    0.2        0.81        9.52184
    0.21        0.81        9.52977
    0.22        0.81        9.53816
    0.23        0.81        9.54701
    0.24        0.81        9.55633
    0.25        0.81        9.56613
    0.26        0.81        9.57642
    0.27        0.81        9.58721
    0.28        0.81        9.59851
    0.29        0.81        9.61033
    0.3        0.81        9.62247
    0.31        0.81        9.63492
    0.32        0.81        9.64771
    0.33        0.81        9.66084
    0.34        0.81        9.67456
    0.35        0.81        9.68888
    0.36        0.81        9.70382
    0.37        0.81        9.71938
    0.38        0.81        9.73559
    0.39        0.81        9.75246
    0.4        0.81        9.77001
    0.41        0.81        9.78826
    0.42        0.81        9.80722
    0.43        0.81        9.82691
    0.44        0.81        9.84736
    0.45        0.81        9.86857
    0.46        0.81        9.89057
    0.47        0.81        9.91339
    0.48        0.81        9.93703
    0.49        0.81        9.96152
    0.5        0.81        9.98688
    0.01        0.82        9.44134
    0.02        0.82        9.44162
    0.03        0.82        9.44228
    0.04        0.82        9.44333
    0.05        0.82        9.44476
    0.06        0.82        9.44658
    0.07        0.82        9.44879
    0.08        0.82        9.4514
    0.09        0.82        9.45439
    0.1        0.82        9.45778
    0.11        0.82        9.46158
    0.12        0.82        9.46577
    0.13        0.82        9.47038
    0.14        0.82        9.47539
    0.15        0.82        9.48083
    0.16        0.82        9.48668
    0.17        0.82        9.49296
    0.18        0.82        9.49968
    0.19        0.82        9.50683
    0.2        0.82        9.51443
    0.21        0.82        9.52249
    0.22        0.82        9.53101
    0.23        0.82        9.54
    0.24        0.82        9.54946
    0.25        0.82        9.55942
    0.26        0.82        9.56987
    0.27        0.82        9.58082
    0.28        0.82        9.5923
    0.29        0.82        9.60431
    0.3        0.82        9.61685
    0.31        0.82        9.62973
    0.32        0.82        9.64294
    0.33        0.82        9.6565
    0.34        0.82        9.67044
    0.35        0.82        9.68498
    0.36        0.82        9.70013
    0.37        0.82        9.71593
    0.38        0.82        9.73237
    0.39        0.82        9.74948
    0.4        0.82        9.76728
    0.41        0.82        9.78577
    0.42        0.82        9.80499
    0.43        0.82        9.82493
    0.44        0.82        9.84564
    0.45        0.82        9.86711
    0.46        0.82        9.88937
    0.47        0.82        9.91245
    0.48        0.82        9.93636
    0.49        0.82        9.96111
    0.5        0.82        9.98674
    0.01        0.83        9.43345
    0.02        0.83        9.43372
    0.03        0.83        9.43437
    0.04        0.83        9.43542
    0.05        0.83        9.43686
    0.06        0.83        9.4387
    0.07        0.83        9.44093
    0.08        0.83        9.44356
    0.09        0.83        9.4466
    0.1        0.83        9.45003
    0.11        0.83        9.45387
    0.12        0.83        9.45813
    0.13        0.83        9.46279
    0.14        0.83        9.46788
    0.15        0.83        9.47339
    0.16        0.83        9.47932
    0.17        0.83        9.48569
    0.18        0.83        9.49251
    0.19        0.83        9.49976
    0.2        0.83        9.50748
    0.21        0.83        9.51565
    0.22        0.83        9.52429
    0.23        0.83        9.53341
    0.24        0.83        9.54301
    0.25        0.83        9.55311
    0.26        0.83        9.56371
    0.27        0.83        9.57482
    0.28        0.83        9.58646
    0.29        0.83        9.59864
    0.3        0.83        9.61136
    0.31        0.83        9.62464
    0.32        0.83        9.63826
    0.33        0.83        9.65225
    0.34        0.83        9.66661
    0.35        0.83        9.68135
    0.36        0.83        9.69672
    0.37        0.83        9.71272
    0.38        0.83        9.72939
    0.39        0.83        9.74672
    0.4        0.83        9.76474
    0.41        0.83        9.78347
    0.42        0.83        9.80291
    0.43        0.83        9.8231
    0.44        0.83        9.84404
    0.45        0.83        9.86576
    0.46        0.83        9.88827
    0.47        0.83        9.91159
    0.48        0.83        9.93574
    0.49        0.83        9.96074
    0.5        0.83        9.98662
    0.01        0.84        9.42607
    0.02        0.84        9.42632
    0.03        0.84        9.42697
    0.04        0.84        9.42802
    0.05        0.84        9.42947
    0.06        0.84        9.43132
    0.07        0.84        9.43358
    0.08        0.84        9.43623
    0.09        0.84        9.4393
    0.1        0.84        9.44277
    0.11        0.84        9.44666
    0.12        0.84        9.45096
    0.13        0.84        9.45569
    0.14        0.84        9.46084
    0.15        0.84        9.46642
    0.16        0.84        9.47243
    0.17        0.84        9.47889
    0.18        0.84        9.48579
    0.19        0.84        9.49314
    0.2        0.84        9.50096
    0.21        0.84        9.50924
    0.22        0.84        9.51799
    0.23        0.84        9.52723
    0.24        0.84        9.53696
    0.25        0.84        9.5472
    0.26        0.84        9.55794
    0.27        0.84        9.5692
    0.28        0.84        9.58099
    0.29        0.84        9.59332
    0.3        0.84        9.60621
    0.31        0.84        9.61966
    0.32        0.84        9.63368
    0.33        0.84        9.64807
    0.34        0.84        9.66284
    0.35        0.84        9.678
    0.36        0.84        9.69356
    0.37        0.84        9.70976
    0.38        0.84        9.72663
    0.39        0.84        9.74417
    0.4        0.84        9.7624
    0.41        0.84        9.78134
    0.42        0.84        9.801
    0.43        0.84        9.82141
    0.44        0.84        9.84257
    0.45        0.84        9.86451
    0.46        0.84        9.88724
    0.47        0.84        9.91079
    0.48        0.84        9.93517
    0.49        0.84        9.9604
    0.5        0.84        9.9865
    0.01        0.85        9.41919
    0.02        0.85        9.41943
    0.03        0.85        9.42007
    0.04        0.85        9.42112
    0.05        0.85        9.42258
    0.06        0.85        9.42444
    0.07        0.85        9.42671
    0.08        0.85        9.42939
    0.09        0.85        9.43249
    0.1        0.85        9.436
    0.11        0.85        9.43993
    0.12        0.85        9.44428
    0.13        0.85        9.44906
    0.14        0.85        9.45427
    0.15        0.85        9.45991
    0.16        0.85        9.466
    0.17        0.85        9.47253
    0.18        0.85        9.47952
    0.19        0.85        9.48696
    0.2        0.85        9.49487
    0.21        0.85        9.50325
    0.22        0.85        9.51212
    0.23        0.85        9.52147
    0.24        0.85        9.53132
    0.25        0.85        9.54167
    0.26        0.85        9.55255
    0.27        0.85        9.56394
    0.28        0.85        9.57588
    0.29        0.85        9.58835
    0.3        0.85        9.60139
    0.31        0.85        9.615
    0.32        0.85        9.62919
    0.33        0.85        9.64397
    0.34        0.85        9.65913
    0.35        0.85        9.67469
    0.36        0.85        9.69066
    0.37        0.85        9.70705
    0.38        0.85        9.7241
    0.39        0.85        9.74183
    0.4        0.85        9.76026
    0.41        0.85        9.77939
    0.42        0.85        9.79925
    0.43        0.85        9.81986
    0.44        0.85        9.84122
    0.45        0.85        9.86337
    0.46        0.85        9.88631
    0.47        0.85        9.91006
    0.48        0.85        9.93465
    0.49        0.85        9.96009
    0.5        0.85        9.9864
    0.01        0.86        9.4128
    0.02        0.86        9.41303
    0.03        0.86        9.41367
    0.04        0.86        9.41472
    0.05        0.86        9.41618
    0.06        0.86        9.41805
    0.07        0.86        9.42034
    0.08        0.86        9.42304
    0.09        0.86        9.42617
    0.1        0.86        9.42971
    0.11        0.86        9.43368
    0.12        0.86        9.43807
    0.13        0.86        9.4429
    0.14        0.86        9.44816
    0.15        0.86        9.45387
    0.16        0.86        9.46002
    0.17        0.86        9.46662
    0.18        0.86        9.47369
    0.19        0.86        9.48121
    0.2        0.86        9.48921
    0.21        0.86        9.49769
    0.22        0.86        9.50665
    0.23        0.86        9.51611
    0.24        0.86        9.52607
    0.25        0.86        9.53654
    0.26        0.86        9.54753
    0.27        0.86        9.55905
    0.28        0.86        9.57112
    0.29        0.86        9.58373
    0.3        0.86        9.59691
    0.31        0.86        9.61066
    0.32        0.86        9.625
    0.33        0.86        9.63993
    0.34        0.86        9.65548
    0.35        0.86        9.67142
    0.36        0.86        9.68778
    0.37        0.86        9.70457
    0.38        0.86        9.72179
    0.39        0.86        9.7397
    0.4        0.86        9.7583
    0.41        0.86        9.77762
    0.42        0.86        9.79766
    0.43        0.86        9.81845
    0.44        0.86        9.84
    0.45        0.86        9.86233
    0.46        0.86        9.88546
    0.47        0.86        9.9094
    0.48        0.86        9.93418
    0.49        0.86        9.9598
    0.5        0.86        9.9863
    0.01        0.87        9.40691
    0.02        0.87        9.40713
    0.03        0.87        9.40776
    0.04        0.87        9.40881
    0.05        0.87        9.41027
    0.06        0.87        9.41215
    0.07        0.87        9.41445
    0.08        0.87        9.41717
    0.09        0.87        9.42032
    0.1        0.87        9.42389
    0.11        0.87        9.42789
    0.12        0.87        9.43233
    0.13        0.87        9.4372
    0.14        0.87        9.44252
    0.15        0.87        9.44828
    0.16        0.87        9.45449
    0.17        0.87        9.46116
    0.18        0.87        9.46829
    0.19        0.87        9.47589
    0.2        0.87        9.48397
    0.21        0.87        9.49254
    0.22        0.87        9.50159
    0.23        0.87        9.51114
    0.24        0.87        9.5212
    0.25        0.87        9.53178
    0.26        0.87        9.54288
    0.27        0.87        9.55452
    0.28        0.87        9.5667
    0.29        0.87        9.57944
    0.3        0.87        9.59275
    0.31        0.87        9.60663
    0.32        0.87        9.62111
    0.33        0.87        9.63618
    0.34        0.87        9.65188
    0.35        0.87        9.66819
    0.36        0.87        9.68493
    0.37        0.87        9.70209
    0.38        0.87        9.7197
    0.39        0.87        9.73777
    0.4        0.87        9.75653
    0.41        0.87        9.77601
    0.42        0.87        9.79622
    0.43        0.87        9.81718
    0.44        0.87        9.8389
    0.45        0.87        9.86139
    0.46        0.87        9.88469
    0.47        0.87        9.9088
    0.48        0.87        9.93375
    0.49        0.87        9.95955
    0.5        0.87        9.98622
    0.01        0.88        9.4015
    0.02        0.88        9.40171
    0.03        0.88        9.40233
    0.04        0.88        9.40338
    0.05        0.88        9.40484
    0.06        0.88        9.40673
    0.07        0.88        9.40904
    0.08        0.88        9.41178
    0.09        0.88        9.41495
    0.1        0.88        9.41855
    0.11        0.88        9.42258
    0.12        0.88        9.42705
    0.13        0.88        9.43197
    0.14        0.88        9.43732
    0.15        0.88        9.44314
    0.16        0.88        9.4494
    0.17        0.88        9.45613
    0.18        0.88        9.46333
    0.19        0.88        9.471
    0.2        0.88        9.47915
    0.21        0.88        9.48779
    0.22        0.88        9.49693
    0.23        0.88        9.50657
    0.24        0.88        9.51672
    0.25        0.88        9.5274
    0.26        0.88        9.5386
    0.27        0.88        9.55034
    0.28        0.88        9.56264
    0.29        0.88        9.57549
    0.3        0.88        9.58891
    0.31        0.88        9.60292
    0.32        0.88        9.61752
    0.33        0.88        9.63272
    0.34        0.88        9.64855
    0.35        0.88        9.665
    0.36        0.88        9.6821
    0.37        0.88        9.69963
    0.38        0.88        9.7176
    0.39        0.88        9.73604
    0.4        0.88        9.75495
    0.41        0.88        9.77458
    0.42        0.88        9.79494
    0.43        0.88        9.81604
    0.44        0.88        9.83791
    0.45        0.88        9.86056
    0.46        0.88        9.88401
    0.47        0.88        9.90827
    0.48        0.88        9.93337
    0.49        0.88        9.95932
    0.5        0.88        9.98614
    0.01        0.89        9.39658
    0.02        0.89        9.39677
    0.03        0.89        9.39739
    0.04        0.89        9.39843
    0.05        0.89        9.39989
    0.06        0.89        9.40179
    0.07        0.89        9.40411
    0.08        0.89        9.40686
    0.09        0.89        9.41005
    0.1        0.89        9.41367
    0.11        0.89        9.41773
    0.12        0.89        9.42223
    0.13        0.89        9.42718
    0.14        0.89        9.43258
    0.15        0.89        9.43844
    0.16        0.89        9.44475
    0.17        0.89        9.45154
    0.18        0.89        9.45879
    0.19        0.89        9.46652
    0.2        0.89        9.47474
    0.21        0.89        9.48346
    0.22        0.89        9.49267
    0.23        0.89        9.50239
    0.24        0.89        9.51262
    0.25        0.89        9.52338
    0.26        0.89        9.53468
    0.27        0.89        9.54652
    0.28        0.89        9.55891
    0.29        0.89        9.57186
    0.3        0.89        9.58539
    0.31        0.89        9.59951
    0.32        0.89        9.61422
    0.33        0.89        9.62954
    0.34        0.89        9.64549
    0.35        0.89        9.66206
    0.36        0.89        9.67928
    0.37        0.89        9.69716
    0.38        0.89        9.71549
    0.39        0.89        9.73428
    0.4        0.89        9.75355
    0.41        0.89        9.77331
    0.42        0.89        9.7938
    0.43        0.89        9.81504
    0.44        0.89        9.83705
    0.45        0.89        9.85983
    0.46        0.89        9.88341
    0.47        0.89        9.90781
    0.48        0.89        9.93304
    0.49        0.89        9.95912
    0.5        0.89        9.98608
    0.01        0.9        9.39213
    0.02        0.9        9.39231
    0.03        0.9        9.39291
    0.04        0.9        9.39395
    0.05        0.9        9.39541
    0.06        0.9        9.39731
    0.07        0.9        9.39964
    0.08        0.9        9.40241
    0.09        0.9        9.40561
    0.1        0.9        9.40925
    0.11        0.9        9.41333
    0.12        0.9        9.41787
    0.13        0.9        9.42285
    0.14        0.9        9.42828
    0.15        0.9        9.43418
    0.16        0.9        9.44054
    0.17        0.9        9.44737
    0.18        0.9        9.45468
    0.19        0.9        9.46246
    0.2        0.9        9.47074
    0.21        0.9        9.47952
    0.22        0.9        9.4888
    0.23        0.9        9.49859
    0.24        0.9        9.5089
    0.25        0.9        9.51974
    0.26        0.9        9.53111
    0.27        0.9        9.54304
    0.28        0.9        9.55552
    0.29        0.9        9.56857
    0.3        0.9        9.58219
    0.31        0.9        9.59641
    0.32        0.9        9.61122
    0.33        0.9        9.62664
    0.34        0.9        9.64269
    0.35        0.9        9.65938
    0.36        0.9        9.67671
    0.37        0.9        9.6947
    0.38        0.9        9.71337
    0.39        0.9        9.7325
    0.4        0.9        9.75211
    0.41        0.9        9.77222
    0.42        0.9        9.79283
    0.43        0.9        9.81418
    0.44        0.9        9.8363
    0.45        0.9        9.8592
    0.46        0.9        9.8829
    0.47        0.9        9.90741
    0.48        0.9        9.93276
    0.49        0.9        9.95895
    0.5        0.9        9.98602
    0.01        0.91        9.38815
    0.02        0.91        9.38831
    0.03        0.91        9.38891
    0.04        0.91        9.38994
    0.05        0.91        9.39141
    0.06        0.91        9.39331
    0.07        0.91        9.39564
    0.08        0.91        9.39842
    0.09        0.91        9.40163
    0.1        0.91        9.40529
    0.11        0.91        9.40939
    0.12        0.91        9.41395
    0.13        0.91        9.41896
    0.14        0.91        9.42443
    0.15        0.91        9.43036
    0.16        0.91        9.43675
    0.17        0.91        9.44363
    0.18        0.91        9.45098
    0.19        0.91        9.45881
    0.2        0.91        9.46715
    0.21        0.91        9.47598
    0.22        0.91        9.48531
    0.23        0.91        9.49517
    0.24        0.91        9.50554
    0.25        0.91        9.51645
    0.26        0.91        9.5279
    0.27        0.91        9.5399
    0.28        0.91        9.55246
    0.29        0.91        9.56559
    0.3        0.91        9.5793
    0.31        0.91        9.5936
    0.32        0.91        9.6085
    0.33        0.91        9.62402
    0.34        0.91        9.64016
    0.35        0.91        9.65694
    0.36        0.91        9.67438
    0.37        0.91        9.69247
    0.38        0.91        9.71124
    0.39        0.91        9.7307
    0.4        0.91        9.75063
    0.41        0.91        9.77106
    0.42        0.91        9.792
    0.43        0.91        9.81346
    0.44        0.91        9.83568
    0.45        0.91        9.85868
    0.46        0.91        9.88247
    0.47        0.91        9.90708
    0.48        0.91        9.93252
    0.49        0.91        9.95881
    0.5        0.91        9.98597
    0.01        0.92        9.38464
    0.02        0.92        9.38479
    0.03        0.92        9.38538
    0.04        0.92        9.3864
    0.05        0.92        9.38786
    0.06        0.92        9.38976
    0.07        0.92        9.3921
    0.08        0.92        9.39489
    0.09        0.92        9.39811
    0.1        0.92        9.40178
    0.11        0.92        9.40591
    0.12        0.92        9.41048
    0.13        0.92        9.41551
    0.14        0.92        9.421
    0.15        0.92        9.42696
    0.16        0.92        9.43339
    0.17        0.92        9.4403
    0.18        0.92        9.44769
    0.19        0.92        9.45557
    0.2        0.92        9.46395
    0.21        0.92        9.47283
    0.22        0.92        9.48222
    0.23        0.92        9.49212
    0.24        0.92        9.50256
    0.25        0.92        9.51353
    0.26        0.92        9.52504
    0.27        0.92        9.5371
    0.28        0.92        9.54973
    0.29        0.92        9.56293
    0.3        0.92        9.57672
    0.31        0.92        9.59109
    0.32        0.92        9.60608
    0.33        0.92        9.62167
    0.34        0.92        9.6379
    0.35        0.92        9.65476
    0.36        0.92        9.67228
    0.37        0.92        9.69046
    0.38        0.92        9.70931
    0.39        0.92        9.72886
    0.4        0.92        9.74911
    0.41        0.92        9.76985
    0.42        0.92        9.7911
    0.43        0.92        9.81287
    0.44        0.92        9.83517
    0.45        0.92        9.85826
    0.46        0.92        9.88213
    0.47        0.92        9.90682
    0.48        0.92        9.93234
    0.49        0.92        9.9587
    0.5        0.92        9.98594
    0.01        0.93        9.38159
    0.02        0.93        9.38173
    0.03        0.93        9.3823
    0.04        0.93        9.38332
    0.05        0.93        9.38478
    0.06        0.93        9.38668
    0.07        0.93        9.38902
    0.08        0.93        9.39181
    0.09        0.93        9.39504
    0.1        0.93        9.39873
    0.11        0.93        9.40286
    0.12        0.93        9.40745
    0.13        0.93        9.4125
    0.14        0.93        9.41802
    0.15        0.93        9.424
    0.16        0.93        9.43046
    0.17        0.93        9.4374
    0.18        0.93        9.44482
    0.19        0.93        9.45274
    0.2        0.93        9.46115
    0.21        0.93        9.47007
    0.22        0.93        9.4795
    0.23        0.93        9.48945
    0.24        0.93        9.49994
    0.25        0.93        9.51096
    0.26        0.93        9.52252
    0.27        0.93        9.53465
    0.28        0.93        9.54733
    0.29        0.93        9.56059
    0.3        0.93        9.57444
    0.31        0.93        9.58888
    0.32        0.93        9.60393
    0.33        0.93        9.6196
    0.34        0.93        9.63589
    0.35        0.93        9.65283
    0.36        0.93        9.67042
    0.37        0.93        9.68867
    0.38        0.93        9.7076
    0.39        0.93        9.72722
    0.4        0.93        9.74754
    0.41        0.93        9.76858
    0.42        0.93        9.79013
    0.43        0.93        9.81219
    0.44        0.93        9.83479
    0.45        0.93        9.85794
    0.46        0.93        9.88188
    0.47        0.93        9.90663
    0.48        0.93        9.9322
    0.49        0.93        9.95862
    0.5        0.93        9.98591
    0.01        0.94        9.379
    0.02        0.94        9.37912
    0.03        0.94        9.37969
    0.04        0.94        9.3807
    0.05        0.94        9.38216
    0.06        0.94        9.38406
    0.07        0.94        9.3864
    0.08        0.94        9.38919
    0.09        0.94        9.39243
    0.1        0.94        9.39612
    0.11        0.94        9.40026
    0.12        0.94        9.40487
    0.13        0.94        9.40993
    0.14        0.94        9.41546
    0.15        0.94        9.42147
    0.16        0.94        9.42794
    0.17        0.94        9.43491
    0.18        0.94        9.44236
    0.19        0.94        9.4503
    0.2        0.94        9.45874
    0.21        0.94        9.4677
    0.22        0.94        9.47716
    0.23        0.94        9.48716
    0.24        0.94        9.49768
    0.25        0.94        9.50874
    0.26        0.94        9.52035
    0.27        0.94        9.53252
    0.28        0.94        9.54526
    0.29        0.94        9.55857
    0.3        0.94        9.57247
    0.31        0.94        9.58697
    0.32        0.94        9.60207
    0.33        0.94        9.61779
    0.34        0.94        9.63415
    0.35        0.94        9.65114
    0.36        0.94        9.66879
    0.37        0.94        9.68711
    0.38        0.94        9.7061
    0.39        0.94        9.72578
    0.4        0.94        9.74616
    0.41        0.94        9.76726
    0.42        0.94        9.78909
    0.43        0.94        9.81143
    0.44        0.94        9.83431
    0.45        0.94        9.85774
    0.46        0.94        9.88172
    0.47        0.94        9.90651
    0.48        0.94        9.93212
    0.49        0.94        9.95858
    0.5        0.94        9.9859
    0.01        0.95        9.37687
    0.02        0.95        9.37698
    0.03        0.95        9.37754
    0.04        0.95        9.37854
    0.05        0.95        9.37999
    0.06        0.95        9.38189
    0.07        0.95        9.38423
    0.08        0.95        9.38702
    0.09        0.95        9.39026
    0.1        0.95        9.39396
    0.11        0.95        9.39811
    0.12        0.95        9.40272
    0.13        0.95        9.40779
    0.14        0.95        9.41334
    0.15        0.95        9.41935
    0.16        0.95        9.42585
    0.17        0.95        9.43283
    0.18        0.95        9.4403
    0.19        0.95        9.44826
    0.2        0.95        9.45673
    0.21        0.95        9.46571
    0.22        0.95        9.47521
    0.23        0.95        9.48523
    0.24        0.95        9.49578
    0.25        0.95        9.50688
    0.26        0.95        9.51852
    0.27        0.95        9.53073
    0.28        0.95        9.54351
    0.29        0.95        9.55686
    0.3        0.95        9.5708
    0.31        0.95        9.58534
    0.32        0.95        9.60049
    0.33        0.95        9.61626
    0.34        0.95        9.63266
    0.35        0.95        9.6497
    0.36        0.95        9.6674
    0.37        0.95        9.68576
    0.38        0.95        9.7048
    0.39        0.95        9.72453
    0.4        0.95        9.74496
    0.41        0.95        9.76611
    0.42        0.95        9.78798
    0.43        0.95        9.81059
    0.44        0.95        9.83373
    0.45        0.95        9.85742
    0.46        0.95        9.88166
    0.47        0.95        9.90647
    0.48        0.95        9.9321
    0.49        0.95        9.95857
    0.5        0.95        9.98589
    0.01        0.96        9.37519
    0.02        0.96        9.37528
    0.03        0.96        9.37583
    0.04        0.96        9.37683
    0.05        0.96        9.37828
    0.06        0.96        9.38017
    0.07        0.96        9.38251
    0.08        0.96        9.3853
    0.09        0.96        9.38854
    0.1        0.96        9.39224
    0.11        0.96        9.39639
    0.12        0.96        9.40101
    0.13        0.96        9.40609
    0.14        0.96        9.41164
    0.15        0.96        9.41766
    0.16        0.96        9.42417
    0.17        0.96        9.43116
    0.18        0.96        9.43864
    0.19        0.96        9.44662
    0.2        0.96        9.45511
    0.21        0.96        9.46411
    0.22        0.96        9.47362
    0.23        0.96        9.48366
    0.24        0.96        9.49424
    0.25        0.96        9.50536
    0.26        0.96        9.51704
    0.27        0.96        9.52927
    0.28        0.96        9.54208
    0.29        0.96        9.55546
    0.3        0.96        9.56943
    0.31        0.96        9.58401
    0.32        0.96        9.59919
    0.33        0.96        9.615
    0.34        0.96        9.63143
    0.35        0.96        9.64851
    0.36        0.96        9.66624
    0.37        0.96        9.68464
    0.38        0.96        9.70372
    0.39        0.96        9.72349
    0.4        0.96        9.74395
    0.41        0.96        9.76513
    0.42        0.96        9.78704
    0.43        0.96        9.80968
    0.44        0.96        9.83307
    0.45        0.96        9.85699
    0.46        0.96        9.88147
    0.47        0.96        9.90651
    0.48        0.96        9.93214
    0.49        0.96        9.9586
    0.5        0.96        9.9859
    0.01        0.97        9.37395
    0.02        0.97        9.37404
    0.03        0.97        9.37458
    0.04        0.97        9.37558
    0.05        0.97        9.37702
    0.06        0.97        9.37891
    0.07        0.97        9.38125
    0.08        0.97        9.38403
    0.09        0.97        9.38727
    0.1        0.97        9.39096
    0.11        0.97        9.39512
    0.12        0.97        9.39973
    0.13        0.97        9.40481
    0.14        0.97        9.41036
    0.15        0.97        9.41639
    0.16        0.97        9.4229
    0.17        0.97        9.4299
    0.18        0.97        9.43739
    0.19        0.97        9.44538
    0.2        0.97        9.45387
    0.21        0.97        9.46288
    0.22        0.97        9.47241
    0.23        0.97        9.48247
    0.24        0.97        9.49306
    0.25        0.97        9.5042
    0.26        0.97        9.51589
    0.27        0.97        9.52814
    0.28        0.97        9.54097
    0.29        0.97        9.55437
    0.3        0.97        9.56837
    0.31        0.97        9.58296
    0.32        0.97        9.59817
    0.33        0.97        9.614
    0.34        0.97        9.63046
    0.35        0.97        9.64756
    0.36        0.97        9.66532
    0.37        0.97        9.68375
    0.38        0.97        9.70285
    0.39        0.97        9.72264
    0.4        0.97        9.74313
    0.41        0.97        9.76433
    0.42        0.97        9.78625
    0.43        0.97        9.80891
    0.44        0.97        9.83231
    0.45        0.97        9.85647
    0.46        0.97        9.88117
    0.47        0.97        9.90642
    0.48        0.97        9.93225
    0.49        0.97        9.95867
    0.5        0.97        9.98593
    0.01        0.98        9.37315
    0.02        0.98        9.37323
    0.03        0.98        9.37378
    0.04        0.98        9.37478
    0.05        0.98        9.37622
    0.06        0.98        9.3781
    0.07        0.98        9.38043
    0.08        0.98        9.38321
    0.09        0.98        9.38644
    0.1        0.98        9.39013
    0.11        0.98        9.39428
    0.12        0.98        9.39889
    0.13        0.98        9.40396
    0.14        0.98        9.40951
    0.15        0.98        9.41554
    0.16        0.98        9.42205
    0.17        0.98        9.42905
    0.18        0.98        9.43654
    0.19        0.98        9.44453
    0.2        0.98        9.45303
    0.21        0.98        9.46204
    0.22        0.98        9.47157
    0.23        0.98        9.48164
    0.24        0.98        9.49224
    0.25        0.98        9.50338
    0.26        0.98        9.51508
    0.27        0.98        9.52734
    0.28        0.98        9.54018
    0.29        0.98        9.55359
    0.3        0.98        9.5676
    0.31        0.98        9.58221
    0.32        0.98        9.59743
    0.33        0.98        9.61327
    0.34        0.98        9.62974
    0.35        0.98        9.64686
    0.36        0.98        9.66464
    0.37        0.98        9.68307
    0.38        0.98        9.70219
    0.39        0.98        9.72199
    0.4        0.98        9.74249
    0.41        0.98        9.7637
    0.42        0.98        9.78563
    0.43        0.98        9.8083
    0.44        0.98        9.8317
    0.45        0.98        9.85585
    0.46        0.98        9.88076
    0.47        0.98        9.90621
    0.48        0.98        9.93222
    0.49        0.98        9.9588
    0.5        0.98        9.98598
    0.01        0.99        9.37276
    0.02        0.99        9.37287
    0.03        0.99        9.37343
    0.04        0.99        9.37443
    0.05        0.99        9.37587
    0.06        0.99        9.37775
    0.07        0.99        9.38007
    0.08        0.99        9.38284
    0.09        0.99        9.38606
    0.1        0.99        9.38974
    0.11        0.99        9.39388
    0.12        0.99        9.39848
    0.13        0.99        9.40354
    0.14        0.99        9.40909
    0.15        0.99        9.41511
    0.16        0.99        9.42161
    0.17        0.99        9.4286
    0.18        0.99        9.43608
    0.19        0.99        9.44407
    0.2        0.99        9.45257
    0.21        0.99        9.46157
    0.22        0.99        9.47111
    0.23        0.99        9.48117
    0.24        0.99        9.49176
    0.25        0.99        9.50291
    0.26        0.99        9.51461
    0.27        0.99        9.52687
    0.28        0.99        9.53971
    0.29        0.99        9.55312
    0.3        0.99        9.56713
    0.31        0.99        9.58174
    0.32        0.99        9.59696
    0.33        0.99        9.61281
    0.34        0.99        9.62929
    0.35        0.99        9.64641
    0.36        0.99        9.66418
    0.37        0.99        9.68262
    0.38        0.99        9.70174
    0.39        0.99        9.72155
    0.4        0.99        9.74205
    0.41        0.99        9.76326
    0.42        0.99        9.78519
    0.43        0.99        9.80784
    0.44        0.99        9.83123
    0.45        0.99        9.85537
    0.46        0.99        9.88026
    0.47        0.99        9.9059
    0.48        0.99        9.93207
    0.49        0.99        9.95879
    0.5        0.99        9.98607
    0.01        1        9.37275
    0.02        1        9.37294
    0.03        1        9.37354
    0.04        1        9.37455
    0.05        1        9.37598
    0.06        1        9.37785
    0.07        1        9.38016
    0.08        1        9.38291
    0.09        1        9.38612
    0.1        1        9.38979
    0.11        1        9.39391
    0.12        1        9.3985
    0.13        1        9.40355
    0.14        1        9.40908
    0.15        1        9.41509
    0.16        1        9.42158
    0.17        1        9.42856
    0.18        1        9.43603
    0.19        1        9.44401
    0.2        1        9.45249
    0.21        1        9.46149
    0.22        1        9.47101
    0.23        1        9.48106
    0.24        1        9.49165
    0.25        1        9.50278
    0.26        1        9.51447
    0.27        1        9.52673
    0.28        1        9.53955
    0.29        1        9.55296
    0.3        1        9.56696
    0.31        1        9.58156
    0.32        1        9.59678
    0.33        1        9.61261
    0.34        1        9.62908
    0.35        1        9.6462
    0.36        1        9.66397
    0.37        1        9.6824
    0.38        1        9.70151
    0.39        1        9.7213
    0.4        1        9.7418
    0.41        1        9.763
    0.42        1        9.78491
    0.43        1        9.80755
    0.44        1        9.83093
    0.45        1        9.85504
    0.46        1        9.8799
    0.47        1        9.90549
    0.48        1        9.93183
    0.49        1        9.95866
    0.5        1        9.98605
