x position        y position        field value
    0.51        0.51        9.37317
    0.52        0.51        9.37352
    0.53        0.51        9.37414
    0.54        0.51        9.37514
    0.55        0.51        9.37655
    0.56        0.51        9.37841
    0.57        0.51        9.3807
    0.58        0.51        9.38344
    0.59        0.51        9.38663
    0.6        0.51        9.39028
    0.61        0.51        9.39438
    0.62        0.51        9.39895
    0.63        0.51        9.40399
    0.64        0.51        9.4095
    0.65        0.51        9.41549
    0.66        0.51        9.42196
    0.67        0.51        9.42892
    0.68        0.51        9.43638
    0.69        0.51        9.44433
    0.7        0.51        9.4528
    0.71        0.51        9.46178
    0.72        0.51        9.47128
    0.73        0.51        9.48131
    0.74        0.51        9.49189
    0.75        0.51        9.503
    0.76        0.51        9.51467
    0.77        0.51        9.52691
    0.78        0.51        9.53972
    0.79        0.51        9.55311
    0.8        0.51        9.56709
    0.81        0.51        9.58167
    0.82        0.51        9.59687
    0.83        0.51        9.61269
    0.84        0.51        9.62914
    0.85        0.51        9.64623
    0.86        0.51        9.66398
    0.87        0.51        9.6824
    0.88        0.51        9.70149
    0.89        0.51        9.72126
    0.9        0.51        9.74174
    0.91        0.51        9.76292
    0.92        0.51        9.78481
    0.93        0.51        9.80743
    0.94        0.51        9.83079
    0.95        0.51        9.85487
    0.96        0.51        9.8797
    0.97        0.51        9.90526
    0.98        0.51        9.93153
    0.99        0.51        9.95843
    1        0.51        9.98595
    0.51        0.52        9.37357
    0.52        0.52        9.37406
    0.53        0.52        9.3748
    0.54        0.52        9.37576
    0.55        0.52        9.37715
    0.56        0.52        9.37897
    0.57        0.52        9.38125
    0.58        0.52        9.38396
    0.59        0.52        9.38713
    0.6        0.52        9.39076
    0.61        0.52        9.39484
    0.62        0.52        9.39939
    0.63        0.52        9.4044
    0.64        0.52        9.40989
    0.65        0.52        9.41585
    0.66        0.52        9.4223
    0.67        0.52        9.42924
    0.68        0.52        9.43667
    0.69        0.52        9.4446
    0.7        0.52        9.45304
    0.71        0.52        9.462
    0.72        0.52        9.47148
    0.73        0.52        9.48148
    0.74        0.52        9.49203
    0.75        0.52        9.50312
    0.76        0.52        9.51476
    0.77        0.52        9.52697
    0.78        0.52        9.53975
    0.79        0.52        9.55311
    0.8        0.52        9.56707
    0.81        0.52        9.58162
    0.82        0.52        9.59679
    0.83        0.52        9.61258
    0.84        0.52        9.629
    0.85        0.52        9.64607
    0.86        0.52        9.66378
    0.87        0.52        9.68217
    0.88        0.52        9.70123
    0.89        0.52        9.72098
    0.9        0.52        9.74142
    0.91        0.52        9.76257
    0.92        0.52        9.78444
    0.93        0.52        9.80703
    0.94        0.52        9.83035
    0.95        0.52        9.85442
    0.96        0.52        9.87922
    0.97        0.52        9.90476
    0.98        0.52        9.93104
    0.99        0.52        9.95803
    1        0.52        9.98575
    0.51        0.53        9.3741
    0.52        0.53        9.37479
    0.53        0.53        9.3757
    0.54        0.53        9.37684
    0.55        0.53        9.3782
    0.56        0.53        9.38
    0.57        0.53        9.38224
    0.58        0.53        9.38494
    0.59        0.53        9.38808
    0.6        0.53        9.39168
    0.61        0.53        9.39574
    0.62        0.53        9.40026
    0.63        0.53        9.40524
    0.64        0.53        9.4107
    0.65        0.53        9.41664
    0.66        0.53        9.42306
    0.67        0.53        9.42996
    0.68        0.53        9.43737
    0.69        0.53        9.44527
    0.7        0.53        9.45367
    0.71        0.53        9.4626
    0.72        0.53        9.47204
    0.73        0.53        9.48201
    0.74        0.53        9.49252
    0.75        0.53        9.50358
    0.76        0.53        9.51519
    0.77        0.53        9.52736
    0.78        0.53        9.5401
    0.79        0.53        9.55342
    0.8        0.53        9.56734
    0.81        0.53        9.58186
    0.82        0.53        9.59699
    0.83        0.53        9.61274
    0.84        0.53        9.62912
    0.85        0.53        9.64614
    0.86        0.53        9.66382
    0.87        0.53        9.68217
    0.88        0.53        9.70119
    0.89        0.53        9.72089
    0.9        0.53        9.7413
    0.91        0.53        9.76241
    0.92        0.53        9.78424
    0.93        0.53        9.80679
    0.94        0.53        9.83009
    0.95        0.53        9.85412
    0.96        0.53        9.8789
    0.97        0.53        9.90444
    0.98        0.53        9.93073
    0.99        0.53        9.95779
    1        0.53        9.98565
    0.51        0.54        9.37486
    0.52        0.54        9.37573
    0.53        0.54        9.37684
    0.54        0.54        9.37817
    0.55        0.54        9.37971
    0.56        0.54        9.38148
    0.57        0.54        9.3837
    0.58        0.54        9.38636
    0.59        0.54        9.38947
    0.6        0.54        9.39304
    0.61        0.54        9.39707
    0.62        0.54        9.40156
    0.63        0.54        9.40651
    0.64        0.54        9.41194
    0.65        0.54        9.41784
    0.66        0.54        9.42422
    0.67        0.54        9.4311
    0.68        0.54        9.43846
    0.69        0.54        9.44632
    0.7        0.54        9.45469
    0.71        0.54        9.46357
    0.72        0.54        9.47298
    0.73        0.54        9.48291
    0.74        0.54        9.49337
    0.75        0.54        9.50438
    0.76        0.54        9.51595
    0.77        0.54        9.52807
    0.78        0.54        9.54077
    0.79        0.54        9.55405
    0.8        0.54        9.56791
    0.81        0.54        9.58238
    0.82        0.54        9.59746
    0.83        0.54        9.61316
    0.84        0.54        9.62949
    0.85        0.54        9.64647
    0.86        0.54        9.6641
    0.87        0.54        9.68239
    0.88        0.54        9.70136
    0.89        0.54        9.72101
    0.9        0.54        9.74137
    0.91        0.54        9.76243
    0.92        0.54        9.78421
    0.93        0.54        9.80672
    0.94        0.54        9.82997
    0.95        0.54        9.85397
    0.96        0.54        9.87873
    0.97        0.54        9.90426
    0.98        0.54        9.93057
    0.99        0.54        9.95767
    1        0.54        9.9856
    0.51        0.55        9.37606
    0.52        0.55        9.3769
    0.53        0.55        9.3782
    0.54        0.55        9.37972
    0.55        0.55        9.38146
    0.56        0.55        9.38342
    0.57        0.55        9.3856
    0.58        0.55        9.38823
    0.59        0.55        9.39131
    0.6        0.55        9.39485
    0.61        0.55        9.39884
    0.62        0.55        9.40329
    0.63        0.55        9.40821
    0.64        0.55        9.4136
    0.65        0.55        9.41946
    0.66        0.55        9.4258
    0.67        0.55        9.43263
    0.68        0.55        9.43995
    0.69        0.55        9.44777
    0.7        0.55        9.4561
    0.71        0.55        9.46493
    0.72        0.55        9.47428
    0.73        0.55        9.48416
    0.74        0.55        9.49458
    0.75        0.55        9.50554
    0.76        0.55        9.51705
    0.77        0.55        9.52912
    0.78        0.55        9.54176
    0.79        0.55        9.55498
    0.8        0.55        9.56879
    0.81        0.55        9.5832
    0.82        0.55        9.59822
    0.83        0.55        9.61385
    0.84        0.55        9.63013
    0.85        0.55        9.64704
    0.86        0.55        9.6646
    0.87        0.55        9.68283
    0.88        0.55        9.70174
    0.89        0.55        9.72133
    0.9        0.55        9.74163
    0.91        0.55        9.76263
    0.92        0.55        9.78435
    0.93        0.55        9.80681
    0.94        0.55        9.83001
    0.95        0.55        9.85397
    0.96        0.55        9.87869
    0.97        0.55        9.9042
    0.98        0.55        9.9305
    0.99        0.55        9.95762
    1        0.55        9.98558
    0.51        0.56        9.3777
    0.52        0.56        9.37852
    0.53        0.56        9.37979
    0.54        0.56        9.3815
    0.55        0.56        9.38343
    0.56        0.56        9.38558
    0.57        0.56        9.38796
    0.58        0.56        9.39055
    0.59        0.56        9.3936
    0.6        0.56        9.39709
    0.61        0.56        9.40105
    0.62        0.56        9.40546
    0.63        0.56        9.41034
    0.64        0.56        9.41568
    0.65        0.56        9.4215
    0.66        0.56        9.4278
    0.67        0.56        9.43458
    0.68        0.56        9.44185
    0.69        0.56        9.44962
    0.7        0.56        9.45789
    0.71        0.56        9.46667
    0.72        0.56        9.47597
    0.73        0.56        9.48579
    0.74        0.56        9.49614
    0.75        0.56        9.50704
    0.76        0.56        9.51849
    0.77        0.56        9.53049
    0.78        0.56        9.54307
    0.79        0.56        9.55622
    0.8        0.56        9.56996
    0.81        0.56        9.5843
    0.82        0.56        9.59925
    0.83        0.56        9.61482
    0.84        0.56        9.63102
    0.85        0.56        9.64785
    0.86        0.56        9.66535
    0.87        0.56        9.6835
    0.88        0.56        9.70234
    0.89        0.56        9.72186
    0.9        0.56        9.74208
    0.91        0.56        9.76301
    0.92        0.56        9.78466
    0.93        0.56        9.80706
    0.94        0.56        9.8302
    0.95        0.56        9.8541
    0.96        0.56        9.87877
    0.97        0.56        9.90424
    0.98        0.56        9.93052
    0.99        0.56        9.95762
    1        0.56        9.98558
    0.51        0.57        9.3798
    0.52        0.57        9.38059
    0.53        0.57        9.38183
    0.54        0.57        9.38351
    0.55        0.57        9.38563
    0.56        0.57        9.38798
    0.57        0.57        9.39054
    0.58        0.57        9.39332
    0.59        0.57        9.39633
    0.6        0.57        9.39979
    0.61        0.57        9.4037
    0.62        0.57        9.40807
    0.63        0.57        9.4129
    0.64        0.57        9.4182
    0.65        0.57        9.42396
    0.66        0.57        9.43021
    0.67        0.57        9.43694
    0.68        0.57        9.44415
    0.69        0.57        9.45186
    0.7        0.57        9.46007
    0.71        0.57        9.46879
    0.72        0.57        9.47802
    0.73        0.57        9.48778
    0.74        0.57        9.49807
    0.75        0.57        9.50889
    0.76        0.57        9.52027
    0.77        0.57        9.5322
    0.78        0.57        9.5447
    0.79        0.57        9.55778
    0.8        0.57        9.57144
    0.81        0.57        9.5857
    0.82        0.57        9.60057
    0.83        0.57        9.61605
    0.84        0.57        9.63216
    0.85        0.57        9.64892
    0.86        0.57        9.66633
    0.87        0.57        9.6844
    0.88        0.57        9.70314
    0.89        0.57        9.72258
    0.9        0.57        9.74272
    0.91        0.57        9.76356
    0.92        0.57        9.78514
    0.93        0.57        9.80745
    0.94        0.57        9.83052
    0.95        0.57        9.85435
    0.96        0.57        9.87896
    0.97        0.57        9.90438
    0.98        0.57        9.9306
    0.99        0.57        9.95767
    1        0.57        9.98559
    0.51        0.58        9.38235
    0.52        0.58        9.38312
    0.53        0.58        9.38433
    0.54        0.58        9.38598
    0.55        0.58        9.38807
    0.56        0.58        9.3906
    0.57        0.58        9.39335
    0.58        0.58        9.39632
    0.59        0.58        9.39951
    0.6        0.58        9.40292
    0.61        0.58        9.40679
    0.62        0.58        9.41111
    0.63        0.58        9.41589
    0.64        0.58        9.42114
    0.65        0.58        9.42685
    0.66        0.58        9.43304
    0.67        0.58        9.43971
    0.68        0.58        9.44686
    0.69        0.58        9.4545
    0.7        0.58        9.46265
    0.71        0.58        9.4713
    0.72        0.58        9.48046
    0.73        0.58        9.49014
    0.74        0.58        9.50035
    0.75        0.58        9.5111
    0.76        0.58        9.52239
    0.77        0.58        9.53424
    0.78        0.58        9.54666
    0.79        0.58        9.55965
    0.8        0.58        9.57322
    0.81        0.58        9.58739
    0.82        0.58        9.60216
    0.83        0.58        9.61755
    0.84        0.58        9.63357
    0.85        0.58        9.65023
    0.86        0.58        9.66754
    0.87        0.58        9.68552
    0.88        0.58        9.70416
    0.89        0.58        9.7235
    0.9        0.58        9.74354
    0.91        0.58        9.76429
    0.92        0.58        9.78577
    0.93        0.58        9.808
    0.94        0.58        9.83097
    0.95        0.58        9.85472
    0.96        0.58        9.87926
    0.97        0.58        9.90459
    0.98        0.58        9.93075
    0.99        0.58        9.95776
    1        0.58        9.98562
    0.51        0.59        9.38535
    0.52        0.59        9.3861
    0.53        0.59        9.38728
    0.54        0.59        9.3889
    0.55        0.59        9.39096
    0.56        0.59        9.39346
    0.57        0.59        9.39639
    0.58        0.59        9.39955
    0.59        0.59        9.40292
    0.6        0.59        9.40651
    0.61        0.59        9.41033
    0.62        0.59        9.4146
    0.63        0.59        9.41932
    0.64        0.59        9.42451
    0.65        0.59        9.43016
    0.66        0.59        9.43629
    0.67        0.59        9.44289
    0.68        0.59        9.44997
    0.69        0.59        9.45755
    0.7        0.59        9.46562
    0.71        0.59        9.47419
    0.72        0.59        9.48327
    0.73        0.59        9.49287
    0.74        0.59        9.503
    0.75        0.59        9.51366
    0.76        0.59        9.52486
    0.77        0.59        9.53662
    0.78        0.59        9.54894
    0.79        0.59        9.56183
    0.8        0.59        9.5753
    0.81        0.59        9.58937
    0.82        0.59        9.60404
    0.83        0.59        9.61933
    0.84        0.59        9.63524
    0.85        0.59        9.65179
    0.86        0.59        9.66899
    0.87        0.59        9.68686
    0.88        0.59        9.7054
    0.89        0.59        9.72462
    0.9        0.59        9.74455
    0.91        0.59        9.7652
    0.92        0.59        9.78657
    0.93        0.59        9.80869
    0.94        0.59        9.83156
    0.95        0.59        9.85521
    0.96        0.59        9.87964
    0.97        0.59        9.90489
    0.98        0.59        9.93096
    0.99        0.59        9.95788
    1        0.59        9.98566
    0.51        0.6        9.38882
    0.52        0.6        9.38955
    0.53        0.6        9.3907
    0.54        0.6        9.39229
    0.55        0.6        9.39432
    0.56        0.6        9.39678
    0.57        0.6        9.39967
    0.58        0.6        9.40301
    0.59        0.6        9.40656
    0.6        0.6        9.41032
    0.61        0.6        9.41431
    0.62        0.6        9.41852
    0.63        0.6        9.42319
    0.64        0.6        9.42832
    0.65        0.6        9.43391
    0.66        0.6        9.43996
    0.67        0.6        9.44649
    0.68        0.6        9.4535
    0.69        0.6        9.461
    0.7        0.6        9.46898
    0.71        0.6        9.47747
    0.72        0.6        9.48647
    0.73        0.6        9.49598
    0.74        0.6        9.50601
    0.75        0.6        9.51657
    0.76        0.6        9.52768
    0.77        0.6        9.53933
    0.78        0.6        9.55155
    0.79        0.6        9.56433
    0.8        0.6        9.5777
    0.81        0.6        9.59165
    0.82        0.6        9.60621
    0.83        0.6        9.62138
    0.84        0.6        9.63717
    0.85        0.6        9.6536
    0.86        0.6        9.67068
    0.87        0.6        9.68842
    0.88        0.6        9.70684
    0.89        0.6        9.72594
    0.9        0.6        9.74575
    0.91        0.6        9.76627
    0.92        0.6        9.78752
    0.93        0.6        9.80952
    0.94        0.6        9.83227
    0.95        0.6        9.8558
    0.96        0.6        9.88013
    0.97        0.6        9.90526
    0.98        0.6        9.93122
    0.99        0.6        9.95803
    1        0.6        9.98572
    0.51        0.61        9.39276
    0.52        0.61        9.39346
    0.53        0.61        9.39459
    0.54        0.61        9.39615
    0.55        0.61        9.39814
    0.56        0.61        9.40056
    0.57        0.61        9.40341
    0.58        0.61        9.4067
    0.59        0.61        9.41043
    0.6        0.61        9.41436
    0.61        0.61        9.41852
    0.62        0.61        9.4229
    0.63        0.61        9.4275
    0.64        0.61        9.43256
    0.65        0.61        9.43808
    0.66        0.61        9.44406
    0.67        0.61        9.45051
    0.68        0.61        9.45744
    0.69        0.61        9.46485
    0.7        0.61        9.47275
    0.71        0.61        9.48115
    0.72        0.61        9.49005
    0.73        0.61        9.49946
    0.74        0.61        9.50939
    0.75        0.61        9.51985
    0.76        0.61        9.53084
    0.77        0.61        9.54239
    0.78        0.61        9.55449
    0.79        0.61        9.56715
    0.8        0.61        9.5804
    0.81        0.61        9.59423
    0.82        0.61        9.60866
    0.83        0.61        9.6237
    0.84        0.61        9.63937
    0.85        0.61        9.65567
    0.86        0.61        9.67261
    0.87        0.61        9.69022
    0.88        0.61        9.7085
    0.89        0.61        9.72746
    0.9        0.61        9.74713
    0.91        0.61        9.76751
    0.92        0.61        9.78863
    0.93        0.61        9.81049
    0.94        0.61        9.83311
    0.95        0.61        9.8565
    0.96        0.61        9.8807
    0.97        0.61        9.9057
    0.98        0.61        9.93154
    0.99        0.61        9.95822
    1        0.61        9.98578
    0.51        0.62        9.39717
    0.52        0.62        9.39784
    0.53        0.62        9.39895
    0.54        0.62        9.40047
    0.55        0.62        9.40243
    0.56        0.62        9.40481
    0.57        0.62        9.40762
    0.58        0.62        9.41086
    0.59        0.62        9.41453
    0.6        0.62        9.41864
    0.61        0.62        9.42296
    0.62        0.62        9.4275
    0.63        0.62        9.43226
    0.64        0.62        9.43725
    0.65        0.62        9.44269
    0.66        0.62        9.44859
    0.67        0.62        9.45496
    0.68        0.62        9.4618
    0.69        0.62        9.46912
    0.7        0.62        9.47692
    0.71        0.62        9.48522
    0.72        0.62        9.49402
    0.73        0.62        9.50332
    0.74        0.62        9.51314
    0.75        0.62        9.52349
    0.76        0.62        9.53436
    0.77        0.62        9.54579
    0.78        0.62        9.55776
    0.79        0.62        9.5703
    0.8        0.62        9.58341
    0.81        0.62        9.59711
    0.82        0.62        9.6114
    0.83        0.62        9.6263
    0.84        0.62        9.64183
    0.85        0.62        9.65798
    0.86        0.62        9.67478
    0.87        0.62        9.69224
    0.88        0.62        9.71037
    0.89        0.62        9.72918
    0.9        0.62        9.7487
    0.91        0.62        9.76893
    0.92        0.62        9.78989
    0.93        0.62        9.8116
    0.94        0.62        9.83406
    0.95        0.62        9.85731
    0.96        0.62        9.88135
    0.97        0.62        9.90621
    0.98        0.62        9.9319
    0.99        0.62        9.95844
    1        0.62        9.98585
    0.51        0.63        9.40205
    0.52        0.63        9.4027
    0.53        0.63        9.40378
    0.54        0.63        9.40527
    0.55        0.63        9.40719
    0.56        0.63        9.40953
    0.57        0.63        9.41229
    0.58        0.63        9.41548
    0.59        0.63        9.4191
    0.6        0.63        9.42315
    0.61        0.63        9.42763
    0.62        0.63        9.43233
    0.63        0.63        9.43724
    0.64        0.63        9.44238
    0.65        0.63        9.44774
    0.66        0.63        9.45356
    0.67        0.63        9.45983
    0.68        0.63        9.46658
    0.69        0.63        9.4738
    0.7        0.63        9.4815
    0.71        0.63        9.48969
    0.72        0.63        9.49838
    0.73        0.63        9.50757
    0.74        0.63        9.51727
    0.75        0.63        9.52749
    0.76        0.63        9.53824
    0.77        0.63        9.54953
    0.78        0.63        9.56137
    0.79        0.63        9.57377
    0.8        0.63        9.58674
    0.81        0.63        9.60029
    0.82        0.63        9.61444
    0.83        0.63        9.62919
    0.84        0.63        9.64455
    0.85        0.63        9.66055
    0.86        0.63        9.67719
    0.87        0.63        9.69448
    0.88        0.63        9.71245
    0.89        0.63        9.7311
    0.9        0.63        9.75045
    0.91        0.63        9.77051
    0.92        0.63        9.79131
    0.93        0.63        9.81284
    0.94        0.63        9.83514
    0.95        0.63        9.85822
    0.96        0.63        9.8821
    0.97        0.63        9.90679
    0.98        0.63        9.93231
    0.99        0.63        9.95869
    1        0.63        9.98593
    0.51        0.64        9.40741
    0.52        0.64        9.40804
    0.53        0.64        9.40909
    0.54        0.64        9.41055
    0.55        0.64        9.41243
    0.56        0.64        9.41473
    0.57        0.64        9.41744
    0.58        0.64        9.42058
    0.59        0.64        9.42414
    0.6        0.64        9.42813
    0.61        0.64        9.43254
    0.62        0.64        9.43739
    0.63        0.64        9.44245
    0.64        0.64        9.44773
    0.65        0.64        9.45323
    0.66        0.64        9.45896
    0.67        0.64        9.46514
    0.68        0.64        9.47179
    0.69        0.64        9.4789
    0.7        0.64        9.4865
    0.71        0.64        9.49457
    0.72        0.64        9.50314
    0.73        0.64        9.5122
    0.74        0.64        9.52178
    0.75        0.64        9.53186
    0.76        0.64        9.54248
    0.77        0.64        9.55363
    0.78        0.64        9.56532
    0.79        0.64        9.57757
    0.8        0.64        9.59039
    0.81        0.64        9.60378
    0.82        0.64        9.61777
    0.83        0.64        9.63235
    0.84        0.64        9.64755
    0.85        0.64        9.66338
    0.86        0.64        9.67984
    0.87        0.64        9.69696
    0.88        0.64        9.71475
    0.89        0.64        9.73322
    0.9        0.64        9.75239
    0.91        0.64        9.77227
    0.92        0.64        9.79288
    0.93        0.64        9.81423
    0.94        0.64        9.83635
    0.95        0.64        9.85924
    0.96        0.64        9.88293
    0.97        0.64        9.90743
    0.98        0.64        9.93277
    0.99        0.64        9.95896
    1        0.64        9.98602
    0.51        0.65        9.41326
    0.52        0.65        9.41387
    0.53        0.65        9.41489
    0.54        0.65        9.41632
    0.55        0.65        9.41815
    0.56        0.65        9.42041
    0.57        0.65        9.42307
    0.58        0.65        9.42615
    0.59        0.65        9.42965
    0.6        0.65        9.43357
    0.61        0.65        9.43792
    0.62        0.65        9.44269
    0.63        0.65        9.4479
    0.64        0.65        9.45332
    0.65        0.65        9.45895
    0.66        0.65        9.4648
    0.67        0.65        9.47089
    0.68        0.65        9.47743
    0.69        0.65        9.48443
    0.7        0.65        9.4919
    0.71        0.65        9.49986
    0.72        0.65        9.5083
    0.73        0.65        9.51723
    0.74        0.65        9.52667
    0.75        0.65        9.53661
    0.76        0.65        9.54708
    0.77        0.65        9.55808
    0.78        0.65        9.56962
    0.79        0.65        9.58171
    0.8        0.65        9.59436
    0.81        0.65        9.60759
    0.82        0.65        9.6214
    0.83        0.65        9.6358
    0.84        0.65        9.65082
    0.85        0.65        9.66646
    0.86        0.65        9.68274
    0.87        0.65        9.69967
    0.88        0.65        9.71727
    0.89        0.65        9.73554
    0.9        0.65        9.75451
    0.91        0.65        9.77419
    0.92        0.65        9.7946
    0.93        0.65        9.81575
    0.94        0.65        9.83767
    0.95        0.65        9.86036
    0.96        0.65        9.88385
    0.97        0.65        9.90815
    0.98        0.65        9.93328
    0.99        0.65        9.95927
    1        0.65        9.98613
    0.51        0.66        9.4196
    0.52        0.66        9.42019
    0.53        0.66        9.42117
    0.54        0.66        9.42257
    0.55        0.66        9.42437
    0.56        0.66        9.42657
    0.57        0.66        9.42918
    0.58        0.66        9.43221
    0.59        0.66        9.43564
    0.6        0.66        9.4395
    0.61        0.66        9.44377
    0.62        0.66        9.44846
    0.63        0.66        9.45358
    0.64        0.66        9.45913
    0.65        0.66        9.4649
    0.66        0.66        9.47087
    0.67        0.66        9.47707
    0.68        0.66        9.4835
    0.69        0.66        9.49038
    0.7        0.66        9.49773
    0.71        0.66        9.50556
    0.72        0.66        9.51386
    0.73        0.66        9.52266
    0.74        0.66        9.53195
    0.75        0.66        9.54174
    0.76        0.66        9.55205
    0.77        0.66        9.56289
    0.78        0.66        9.57426
    0.79        0.66        9.58618
    0.8        0.66        9.59866
    0.81        0.66        9.6117
    0.82        0.66        9.62533
    0.83        0.66        9.63955
    0.84        0.66        9.65437
    0.85        0.66        9.66981
    0.86        0.66        9.68589
    0.87        0.66        9.70262
    0.88        0.66        9.72
    0.89        0.66        9.73807
    0.9        0.66        9.75683
    0.91        0.66        9.77629
    0.92        0.66        9.79648
    0.93        0.66        9.81742
    0.94        0.66        9.83911
    0.95        0.66        9.86158
    0.96        0.66        9.88485
    0.97        0.66        9.90893
    0.98        0.66        9.93384
    0.99        0.66        9.9596
    1        0.66        9.98624
    0.51        0.67        9.42644
    0.52        0.67        9.427
    0.53        0.67        9.42796
    0.54        0.67        9.42931
    0.55        0.67        9.43107
    0.56        0.67        9.43323
    0.57        0.67        9.43579
    0.58        0.67        9.43875
    0.59        0.67        9.44212
    0.6        0.67        9.4459
    0.61        0.67        9.45009
    0.62        0.67        9.4547
    0.63        0.67        9.45973
    0.64        0.67        9.46519
    0.65        0.67        9.47108
    0.66        0.67        9.47717
    0.67        0.67        9.48348
    0.68        0.67        9.49001
    0.69        0.67        9.49677
    0.7        0.67        9.50399
    0.71        0.67        9.51168
    0.72        0.67        9.51984
    0.73        0.67        9.52848
    0.74        0.67        9.53762
    0.75        0.67        9.54726
    0.76        0.67        9.5574
    0.77        0.67        9.56807
    0.78        0.67        9.57926
    0.79        0.67        9.591
    0.8        0.67        9.60329
    0.81        0.67        9.61614
    0.82        0.67        9.62956
    0.83        0.67        9.64358
    0.84        0.67        9.6582
    0.85        0.67        9.67343
    0.86        0.67        9.68929
    0.87        0.67        9.7058
    0.88        0.67        9.72296
    0.89        0.67        9.7408
    0.9        0.67        9.75933
    0.91        0.67        9.77857
    0.92        0.67        9.79852
    0.93        0.67        9.81922
    0.94        0.67        9.84068
    0.95        0.67        9.86291
    0.96        0.67        9.88593
    0.97        0.67        9.90977
    0.98        0.67        9.93444
    0.99        0.67        9.95997
    1        0.67        9.98636
    0.51        0.68        9.43378
    0.52        0.68        9.43431
    0.53        0.68        9.43524
    0.54        0.68        9.43656
    0.55        0.68        9.43827
    0.56        0.68        9.44038
    0.57        0.68        9.44288
    0.58        0.68        9.44578
    0.59        0.68        9.44909
    0.6        0.68        9.45279
    0.61        0.68        9.4569
    0.62        0.68        9.46143
    0.63        0.68        9.46636
    0.64        0.68        9.47172
    0.65        0.68        9.4775
    0.66        0.68        9.4837
    0.67        0.68        9.49012
    0.68        0.68        9.49675
    0.69        0.68        9.5036
    0.7        0.68        9.51068
    0.71        0.68        9.51823
    0.72        0.68        9.52624
    0.73        0.68        9.53472
    0.74        0.68        9.54369
    0.75        0.68        9.55316
    0.76        0.68        9.56313
    0.77        0.68        9.57361
    0.78        0.68        9.58462
    0.79        0.68        9.59616
    0.8        0.68        9.60825
    0.81        0.68        9.6209
    0.82        0.68        9.63411
    0.83        0.68        9.64791
    0.84        0.68        9.66231
    0.85        0.68        9.67732
    0.86        0.68        9.69295
    0.87        0.68        9.70922
    0.88        0.68        9.72615
    0.89        0.68        9.74375
    0.9        0.68        9.76203
    0.91        0.68        9.78102
    0.92        0.68        9.80072
    0.93        0.68        9.82117
    0.94        0.68        9.84237
    0.95        0.68        9.86434
    0.96        0.68        9.88711
    0.97        0.68        9.91069
    0.98        0.68        9.9351
    0.99        0.68        9.96036
    1        0.68        9.98649
    0.51        0.69        9.44163
    0.52        0.69        9.44214
    0.53        0.69        9.44303
    0.54        0.69        9.44432
    0.55        0.69        9.44598
    0.56        0.69        9.44804
    0.57        0.69        9.45048
    0.58        0.69        9.45332
    0.59        0.69        9.45655
    0.6        0.69        9.46018
    0.61        0.69        9.4642
    0.62        0.69        9.46863
    0.63        0.69        9.47347
    0.64        0.69        9.47872
    0.65        0.69        9.48439
    0.66        0.69        9.49048
    0.67        0.69        9.49699
    0.68        0.69        9.50372
    0.69        0.69        9.51065
    0.7        0.69        9.51781
    0.71        0.69        9.5252
    0.72        0.69        9.53305
    0.73        0.69        9.54138
    0.74        0.69        9.55017
    0.75        0.69        9.55946
    0.76        0.69        9.56924
    0.77        0.69        9.57953
    0.78        0.69        9.59034
    0.79        0.69        9.60168
    0.8        0.69        9.61356
    0.81        0.69        9.62599
    0.82        0.69        9.63898
    0.83        0.69        9.65255
    0.84        0.69        9.66672
    0.85        0.69        9.68148
    0.86        0.69        9.69687
    0.87        0.69        9.71289
    0.88        0.69        9.72957
    0.89        0.69        9.7469
    0.9        0.69        9.76493
    0.91        0.69        9.78365
    0.92        0.69        9.80309
    0.93        0.69        9.82326
    0.94        0.69        9.84419
    0.95        0.69        9.86588
    0.96        0.69        9.88837
    0.97        0.69        9.91167
    0.98        0.69        9.9358
    0.99        0.69        9.96078
    1        0.69        9.98663
    0.51        0.7        9.44999
    0.52        0.7        9.45048
    0.53        0.7        9.45134
    0.54        0.7        9.45258
    0.55        0.7        9.45421
    0.56        0.7        9.45621
    0.57        0.7        9.45859
    0.58        0.7        9.46136
    0.59        0.7        9.46452
    0.6        0.7        9.46806
    0.61        0.7        9.472
    0.62        0.7        9.47634
    0.63        0.7        9.48107
    0.64        0.7        9.48621
    0.65        0.7        9.49176
    0.66        0.7        9.49772
    0.67        0.7        9.50411
    0.68        0.7        9.51092
    0.69        0.7        9.51794
    0.7        0.7        9.52517
    0.71        0.7        9.53262
    0.72        0.7        9.5403
    0.73        0.7        9.54845
    0.74        0.7        9.55707
    0.75        0.7        9.56616
    0.76        0.7        9.57575
    0.77        0.7        9.58584
    0.78        0.7        9.59644
    0.79        0.7        9.60756
    0.8        0.7        9.61921
    0.81        0.7        9.63141
    0.82        0.7        9.64417
    0.83        0.7        9.6575
    0.84        0.7        9.67141
    0.85        0.7        9.68593
    0.86        0.7        9.70106
    0.87        0.7        9.71681
    0.88        0.7        9.73322
    0.89        0.7        9.75028
    0.9        0.7        9.76802
    0.91        0.7        9.78646
    0.92        0.7        9.80561
    0.93        0.7        9.8255
    0.94        0.7        9.84613
    0.95        0.7        9.86753
    0.96        0.7        9.88973
    0.97        0.7        9.91273
    0.98        0.7        9.93656
    0.99        0.7        9.96123
    1        0.7        9.98678
    0.51        0.71        9.45888
    0.52        0.71        9.45934
    0.53        0.71        9.46017
    0.54        0.71        9.46137
    0.55        0.71        9.46295
    0.56        0.71        9.46489
    0.57        0.71        9.46722
    0.58        0.71        9.46992
    0.59        0.71        9.47299
    0.6        0.71        9.47645
    0.61        0.71        9.4803
    0.62        0.71        9.48454
    0.63        0.71        9.48916
    0.64        0.71        9.49419
    0.65        0.71        9.49962
    0.66        0.71        9.50545
    0.67        0.71        9.5117
    0.68        0.71        9.51836
    0.69        0.71        9.52545
    0.7        0.71        9.53275
    0.71        0.71        9.54026
    0.72        0.71        9.54799
    0.73        0.71        9.55595
    0.74        0.71        9.56438
    0.75        0.71        9.57328
    0.76        0.71        9.58266
    0.77        0.71        9.59253
    0.78        0.71        9.60291
    0.79        0.71        9.6138
    0.8        0.71        9.62522
    0.81        0.71        9.63718
    0.82        0.71        9.64969
    0.83        0.71        9.66276
    0.84        0.71        9.67641
    0.85        0.71        9.69066
    0.86        0.71        9.70551
    0.87        0.71        9.72099
    0.88        0.71        9.7371
    0.89        0.71        9.75388
    0.9        0.71        9.77132
    0.91        0.71        9.78946
    0.92        0.71        9.80831
    0.93        0.71        9.82788
    0.94        0.71        9.84821
    0.95        0.71        9.86929
    0.96        0.71        9.89117
    0.97        0.71        9.91385
    0.98        0.71        9.93736
    0.99        0.71        9.96172
    1        0.71        9.98694
    0.51        0.72        9.4683
    0.52        0.72        9.46873
    0.53        0.72        9.46953
    0.54        0.72        9.47069
    0.55        0.72        9.47222
    0.56        0.72        9.47411
    0.57        0.72        9.47636
    0.58        0.72        9.47899
    0.59        0.72        9.48199
    0.6        0.72        9.48536
    0.61        0.72        9.48911
    0.62        0.72        9.49324
    0.63        0.72        9.49776
    0.64        0.72        9.50267
    0.65        0.72        9.50797
    0.66        0.72        9.51366
    0.67        0.72        9.51977
    0.68        0.72        9.52628
    0.69        0.72        9.53321
    0.7        0.72        9.54056
    0.71        0.72        9.54812
    0.72        0.72        9.5559
    0.73        0.72        9.56389
    0.74        0.72        9.57212
    0.75        0.72        9.58081
    0.76        0.72        9.58997
    0.77        0.72        9.59962
    0.78        0.72        9.60977
    0.79        0.72        9.62042
    0.8        0.72        9.63159
    0.81        0.72        9.64329
    0.82        0.72        9.65554
    0.83        0.72        9.66834
    0.84        0.72        9.68172
    0.85        0.72        9.69568
    0.86        0.72        9.71024
    0.87        0.72        9.72542
    0.88        0.72        9.74124
    0.89        0.72        9.7577
    0.9        0.72        9.77483
    0.91        0.72        9.79265
    0.92        0.72        9.81118
    0.93        0.72        9.83042
    0.94        0.72        9.85041
    0.95        0.72        9.87117
    0.96        0.72        9.89271
    0.97        0.72        9.91505
    0.98        0.72        9.93822
    0.99        0.72        9.96223
    1        0.72        9.98711
    0.51        0.73        9.47825
    0.52        0.73        9.47866
    0.53        0.73        9.47943
    0.54        0.73        9.48054
    0.55        0.73        9.48202
    0.56        0.73        9.48385
    0.57        0.73        9.48604
    0.58        0.73        9.48859
    0.59        0.73        9.49151
    0.6        0.73        9.49479
    0.61        0.73        9.49844
    0.62        0.73        9.50247
    0.63        0.73        9.50687
    0.64        0.73        9.51165
    0.65        0.73        9.51682
    0.66        0.73        9.52237
    0.67        0.73        9.52833
    0.68        0.73        9.53468
    0.69        0.73        9.54145
    0.7        0.73        9.54863
    0.71        0.73        9.55623
    0.72        0.73        9.56403
    0.73        0.73        9.57205
    0.74        0.73        9.58029
    0.75        0.73        9.58877
    0.76        0.73        9.5977
    0.77        0.73        9.60712
    0.78        0.73        9.61702
    0.79        0.73        9.62742
    0.8        0.73        9.63833
    0.81        0.73        9.64977
    0.82        0.73        9.66173
    0.83        0.73        9.67425
    0.84        0.73        9.68734
    0.85        0.73        9.701
    0.86        0.73        9.71526
    0.87        0.73        9.73012
    0.88        0.73        9.74562
    0.89        0.73        9.76176
    0.9        0.73        9.77856
    0.91        0.73        9.79604
    0.92        0.73        9.81422
    0.93        0.73        9.83312
    0.94        0.73        9.85276
    0.95        0.73        9.87316
    0.96        0.73        9.89434
    0.97        0.73        9.91632
    0.98        0.73        9.93913
    0.99        0.73        9.96278
    1        0.73        9.9873
    0.51        0.74        9.48875
    0.52        0.74        9.48914
    0.53        0.74        9.48987
    0.54        0.74        9.49094
    0.55        0.74        9.49236
    0.56        0.74        9.49414
    0.57        0.74        9.49626
    0.58        0.74        9.49874
    0.59        0.74        9.50157
    0.6        0.74        9.50475
    0.61        0.74        9.5083
    0.62        0.74        9.51222
    0.63        0.74        9.5165
    0.64        0.74        9.52115
    0.65        0.74        9.52618
    0.66        0.74        9.53159
    0.67        0.74        9.53739
    0.68        0.74        9.54358
    0.69        0.74        9.55017
    0.7        0.74        9.55716
    0.71        0.74        9.56457
    0.72        0.74        9.5724
    0.73        0.74        9.58044
    0.74        0.74        9.58869
    0.75        0.74        9.59716
    0.76        0.74        9.60586
    0.77        0.74        9.61503
    0.78        0.74        9.62467
    0.79        0.74        9.63481
    0.8        0.74        9.64545
    0.81        0.74        9.6566
    0.82        0.74        9.66828
    0.83        0.74        9.6805
    0.84        0.74        9.69328
    0.85        0.74        9.70663
    0.86        0.74        9.72056
    0.87        0.74        9.7351
    0.88        0.74        9.75025
    0.89        0.74        9.76605
    0.9        0.74        9.7825
    0.91        0.74        9.79962
    0.92        0.74        9.81744
    0.93        0.74        9.83598
    0.94        0.74        9.85525
    0.95        0.74        9.87527
    0.96        0.74        9.89607
    0.97        0.74        9.91767
    0.98        0.74        9.94009
    0.99        0.74        9.96336
    1        0.74        9.98749
    0.51        0.75        9.49981
    0.52        0.75        9.50017
    0.53        0.75        9.50086
    0.54        0.75        9.50189
    0.55        0.75        9.50326
    0.56        0.75        9.50497
    0.57        0.75        9.50702
    0.58        0.75        9.50942
    0.59        0.75        9.51216
    0.6        0.75        9.51525
    0.61        0.75        9.5187
    0.62        0.75        9.52249
    0.63        0.75        9.52665
    0.64        0.75        9.53117
    0.65        0.75        9.53606
    0.66        0.75        9.54132
    0.67        0.75        9.54695
    0.68        0.75        9.55297
    0.69        0.75        9.55938
    0.7        0.75        9.56619
    0.71        0.75        9.5734
    0.72        0.75        9.58102
    0.73        0.75        9.58906
    0.74        0.75        9.59731
    0.75        0.75        9.60577
    0.76        0.75        9.61445
    0.77        0.75        9.62336
    0.78        0.75        9.63274
    0.79        0.75        9.6426
    0.8        0.75        9.65295
    0.81        0.75        9.66381
    0.82        0.75        9.67518
    0.83        0.75        9.68709
    0.84        0.75        9.69955
    0.85        0.75        9.71256
    0.86        0.75        9.72616
    0.87        0.75        9.74035
    0.88        0.75        9.75515
    0.89        0.75        9.77059
    0.9        0.75        9.78667
    0.91        0.75        9.80342
    0.92        0.75        9.82085
    0.93        0.75        9.839
    0.94        0.75        9.85788
    0.95        0.75        9.8775
    0.96        0.75        9.89791
    0.97        0.75        9.9191
    0.98        0.75        9.94112
    0.99        0.75        9.96397
    1        0.75        9.9877
    0.51        0.76        9.51143
    0.52        0.76        9.51176
    0.53        0.76        9.51242
    0.54        0.76        9.5134
    0.55        0.76        9.51472
    0.56        0.76        9.51637
    0.57        0.76        9.51835
    0.58        0.76        9.52066
    0.59        0.76        9.52331
    0.6        0.76        9.5263
    0.61        0.76        9.52964
    0.62        0.76        9.53332
    0.63        0.76        9.53734
    0.64        0.76        9.54173
    0.65        0.76        9.54646
    0.66        0.76        9.55157
    0.67        0.76        9.55704
    0.68        0.76        9.56288
    0.69        0.76        9.5691
    0.7        0.76        9.57571
    0.71        0.76        9.58272
    0.72        0.76        9.59012
    0.73        0.76        9.59794
    0.74        0.76        9.60617
    0.75        0.76        9.6146
    0.76        0.76        9.62325
    0.77        0.76        9.63212
    0.78        0.76        9.64122
    0.79        0.76        9.6508
    0.8        0.76        9.66085
    0.81        0.76        9.6714
    0.82        0.76        9.68246
    0.83        0.76        9.69404
    0.84        0.76        9.70616
    0.85        0.76        9.71883
    0.86        0.76        9.73207
    0.87        0.76        9.74589
    0.88        0.76        9.76032
    0.89        0.76        9.77537
    0.9        0.76        9.79107
    0.91        0.76        9.80742
    0.92        0.76        9.82446
    0.93        0.76        9.84219
    0.94        0.76        9.86066
    0.95        0.76        9.87986
    0.96        0.76        9.89984
    0.97        0.76        9.92061
    0.98        0.76        9.9422
    0.99        0.76        9.96462
    1        0.76        9.98791
    0.51        0.77        9.52362
    0.52        0.77        9.52392
    0.53        0.77        9.52454
    0.54        0.77        9.52548
    0.55        0.77        9.52674
    0.56        0.77        9.52833
    0.57        0.77        9.53023
    0.58        0.77        9.53246
    0.59        0.77        9.53502
    0.6        0.77        9.53791
    0.61        0.77        9.54113
    0.62        0.77        9.54469
    0.63        0.77        9.54858
    0.64        0.77        9.55282
    0.65        0.77        9.55741
    0.66        0.77        9.56235
    0.67        0.77        9.56765
    0.68        0.77        9.57331
    0.69        0.77        9.57934
    0.7        0.77        9.58574
    0.71        0.77        9.59253
    0.72        0.77        9.59971
    0.73        0.77        9.60729
    0.74        0.77        9.61528
    0.75        0.77        9.62368
    0.76        0.77        9.63228
    0.77        0.77        9.6411
    0.78        0.77        9.65014
    0.79        0.77        9.65941
    0.8        0.77        9.66915
    0.81        0.77        9.67938
    0.82        0.77        9.69011
    0.83        0.77        9.70135
    0.84        0.77        9.71311
    0.85        0.77        9.72542
    0.86        0.77        9.73829
    0.87        0.77        9.75173
    0.88        0.77        9.76577
    0.89        0.77        9.78042
    0.9        0.77        9.79571
    0.91        0.77        9.81164
    0.92        0.77        9.82826
    0.93        0.77        9.84556
    0.94        0.77        9.86359
    0.95        0.77        9.88236
    0.96        0.77        9.90189
    0.97        0.77        9.92221
    0.98        0.77        9.94334
    0.99        0.77        9.96531
    1        0.77        9.98814
    0.51        0.78        9.53639
    0.52        0.78        9.53667
    0.53        0.78        9.53725
    0.54        0.78        9.53814
    0.55        0.78        9.53935
    0.56        0.78        9.54087
    0.57        0.78        9.5427
    0.58        0.78        9.54484
    0.59        0.78        9.5473
    0.6        0.78        9.55009
    0.61        0.78        9.55319
    0.62        0.78        9.55662
    0.63        0.78        9.56038
    0.64        0.78        9.56447
    0.65        0.78        9.5689
    0.66        0.78        9.57367
    0.67        0.78        9.57879
    0.68        0.78        9.58426
    0.69        0.78        9.59009
    0.7        0.78        9.59629
    0.71        0.78        9.60286
    0.72        0.78        9.6098
    0.73        0.78        9.61714
    0.74        0.78        9.62487
    0.75        0.78        9.633
    0.76        0.78        9.64155
    0.77        0.78        9.65031
    0.78        0.78        9.65927
    0.79        0.78        9.66845
    0.8        0.78        9.67787
    0.81        0.78        9.68777
    0.82        0.78        9.69815
    0.83        0.78        9.70903
    0.84        0.78        9.72042
    0.85        0.78        9.73235
    0.86        0.78        9.74483
    0.87        0.78        9.75787
    0.88        0.78        9.7715
    0.89        0.78        9.78574
    0.9        0.78        9.80059
    0.91        0.78        9.81609
    0.92        0.78        9.83226
    0.93        0.78        9.84911
    0.94        0.78        9.86668
    0.95        0.78        9.88498
    0.96        0.78        9.90404
    0.97        0.78        9.92389
    0.98        0.78        9.94454
    0.99        0.78        9.96603
    1        0.78        9.98838
    0.51        0.79        9.54976
    0.52        0.79        9.55
    0.53        0.79        9.55055
    0.54        0.79        9.5514
    0.55        0.79        9.55254
    0.56        0.79        9.55399
    0.57        0.79        9.55574
    0.58        0.79        9.5578
    0.59        0.79        9.56016
    0.6        0.79        9.56284
    0.61        0.79        9.56582
    0.62        0.79        9.56912
    0.63        0.79        9.57274
    0.64        0.79        9.57668
    0.65        0.79        9.58095
    0.66        0.79        9.58555
    0.67        0.79        9.59049
    0.68        0.79        9.59576
    0.69        0.79        9.60139
    0.7        0.79        9.60736
    0.71        0.79        9.6137
    0.72        0.79        9.62041
    0.73        0.79        9.62749
    0.74        0.79        9.63495
    0.75        0.79        9.64281
    0.76        0.79        9.65107
    0.77        0.79        9.65975
    0.78        0.79        9.66863
    0.79        0.79        9.67771
    0.8        0.79        9.68702
    0.81        0.79        9.69656
    0.82        0.79        9.70658
    0.83        0.79        9.71709
    0.84        0.79        9.7281
    0.85        0.79        9.73964
    0.86        0.79        9.75171
    0.87        0.79        9.76433
    0.88        0.79        9.77753
    0.89        0.79        9.79133
    0.9        0.79        9.80573
    0.91        0.79        9.82078
    0.92        0.79        9.83647
    0.93        0.79        9.85285
    0.94        0.79        9.86994
    0.95        0.79        9.88775
    0.96        0.79        9.90632
    0.97        0.79        9.92566
    0.98        0.79        9.94581
    0.99        0.79        9.96679
    1        0.79        9.98864
    0.51        0.8        9.56372
    0.52        0.8        9.56394
    0.53        0.8        9.56445
    0.54        0.8        9.56525
    0.55        0.8        9.56633
    0.56        0.8        9.56771
    0.57        0.8        9.56939
    0.58        0.8        9.57135
    0.59        0.8        9.57362
    0.6        0.8        9.57618
    0.61        0.8        9.57904
    0.62        0.8        9.58221
    0.63        0.8        9.58569
    0.64        0.8        9.58947
    0.65        0.8        9.59357
    0.66        0.8        9.59799
    0.67        0.8        9.60274
    0.68        0.8        9.60781
    0.69        0.8        9.61322
    0.7        0.8        9.61898
    0.71        0.8        9.62508
    0.72        0.8        9.63153
    0.73        0.8        9.63835
    0.74        0.8        9.64555
    0.75        0.8        9.65312
    0.76        0.8        9.66108
    0.77        0.8        9.66945
    0.78        0.8        9.67822
    0.79        0.8        9.6872
    0.8        0.8        9.69638
    0.81        0.8        9.70579
    0.82        0.8        9.71543
    0.83        0.8        9.72555
    0.84        0.8        9.73616
    0.85        0.8        9.74728
    0.86        0.8        9.75893
    0.87        0.8        9.77112
    0.88        0.8        9.78387
    0.89        0.8        9.7972
    0.9        0.8        9.81114
    0.91        0.8        9.8257
    0.92        0.8        9.84091
    0.93        0.8        9.85679
    0.94        0.8        9.87337
    0.95        0.8        9.89066
    0.96        0.8        9.90871
    0.97        0.8        9.92753
    0.98        0.8        9.94715
    0.99        0.8        9.9676
    1        0.8        9.9889
    0.51        0.81        9.5783
    0.52        0.81        9.57849
    0.53        0.81        9.57896
    0.54        0.81        9.5797
    0.55        0.81        9.58073
    0.56        0.81        9.58204
    0.57        0.81        9.58363
    0.58        0.81        9.58551
    0.59        0.81        9.58767
    0.6        0.81        9.59012
    0.61        0.81        9.59286
    0.62        0.81        9.59589
    0.63        0.81        9.59922
    0.64        0.81        9.60284
    0.65        0.81        9.60677
    0.66        0.81        9.61101
    0.67        0.81        9.61556
    0.68        0.81        9.62043
    0.69        0.81        9.62562
    0.7        0.81        9.63114
    0.71        0.81        9.637
    0.72        0.81        9.6432
    0.73        0.81        9.64975
    0.74        0.81        9.65666
    0.75        0.81        9.66393
    0.76        0.81        9.67159
    0.77        0.81        9.67963
    0.78        0.81        9.68807
    0.79        0.81        9.69692
    0.8        0.81        9.70597
    0.81        0.81        9.71522
    0.82        0.81        9.7247
    0.83        0.81        9.73442
    0.84        0.81        9.74462
    0.85        0.81        9.75531
    0.86        0.81        9.76651
    0.87        0.81        9.77824
    0.88        0.81        9.79052
    0.89        0.81        9.80338
    0.9        0.81        9.81682
    0.91        0.81        9.83088
    0.92        0.81        9.84557
    0.93        0.81        9.86093
    0.94        0.81        9.87697
    0.95        0.81        9.89373
    0.96        0.81        9.91123
    0.97        0.81        9.92949
    0.98        0.81        9.94855
    0.99        0.81        9.96844
    1        0.81        9.98919
    0.51        0.82        9.59349
    0.52        0.82        9.59366
    0.53        0.82        9.59409
    0.54        0.82        9.59478
    0.55        0.82        9.59575
    0.56        0.82        9.59699
    0.57        0.82        9.5985
    0.58        0.82        9.60028
    0.59        0.82        9.60234
    0.6        0.82        9.60467
    0.61        0.82        9.60728
    0.62        0.82        9.61017
    0.63        0.82        9.61335
    0.64        0.82        9.61681
    0.65        0.82        9.62057
    0.66        0.82        9.62462
    0.67        0.82        9.62897
    0.68        0.82        9.63362
    0.69        0.82        9.63859
    0.7        0.82        9.64387
    0.71        0.82        9.64948
    0.72        0.82        9.65541
    0.73        0.82        9.66168
    0.74        0.82        9.6683
    0.75        0.82        9.67527
    0.76        0.82        9.68261
    0.77        0.82        9.69032
    0.78        0.82        9.69841
    0.79        0.82        9.7069
    0.8        0.82        9.7158
    0.81        0.82        9.72489
    0.82        0.82        9.73419
    0.83        0.82        9.74371
    0.84        0.82        9.75347
    0.85        0.82        9.76372
    0.86        0.82        9.77446
    0.87        0.82        9.78571
    0.88        0.82        9.79751
    0.89        0.82        9.80986
    0.9        0.82        9.82279
    0.91        0.82        9.83632
    0.92        0.82        9.85048
    0.93        0.82        9.86528
    0.94        0.82        9.88077
    0.95        0.82        9.89696
    0.96        0.82        9.91388
    0.97        0.82        9.93156
    0.98        0.82        9.95004
    0.99        0.82        9.96933
    1        0.82        9.98948
    0.51        0.83        9.60932
    0.52        0.83        9.60946
    0.53        0.83        9.60985
    0.54        0.83        9.61049
    0.55        0.83        9.6114
    0.56        0.83        9.61257
    0.57        0.83        9.61399
    0.58        0.83        9.61568
    0.59        0.83        9.61763
    0.6        0.83        9.61984
    0.61        0.83        9.62232
    0.62        0.83        9.62507
    0.63        0.83        9.62809
    0.64        0.83        9.63139
    0.65        0.83        9.63496
    0.66        0.83        9.63882
    0.67        0.83        9.64297
    0.68        0.83        9.6474
    0.69        0.83        9.65214
    0.7        0.83        9.65718
    0.71        0.83        9.66252
    0.72        0.83        9.66819
    0.73        0.83        9.67417
    0.74        0.83        9.68049
    0.75        0.83        9.68715
    0.76        0.83        9.69416
    0.77        0.83        9.70152
    0.78        0.83        9.70926
    0.79        0.83        9.71737
    0.8        0.83        9.72588
    0.81        0.83        9.73479
    0.82        0.83        9.7439
    0.83        0.83        9.75321
    0.84        0.83        9.76275
    0.85        0.83        9.77253
    0.86        0.83        9.78279
    0.87        0.83        9.79355
    0.88        0.83        9.80484
    0.89        0.83        9.81666
    0.9        0.83        9.82906
    0.91        0.83        9.84204
    0.92        0.83        9.85563
    0.93        0.83        9.86986
    0.94        0.83        9.88476
    0.95        0.83        9.90035
    0.96        0.83        9.91667
    0.97        0.83        9.93374
    0.98        0.83        9.95159
    0.99        0.83        9.97027
    1        0.83        9.9898
    0.51        0.84        9.62579
    0.52        0.84        9.6259
    0.53        0.84        9.62625
    0.54        0.84        9.62685
    0.55        0.84        9.62769
    0.56        0.84        9.62878
    0.57        0.84        9.63012
    0.58        0.84        9.63171
    0.59        0.84        9.63355
    0.6        0.84        9.63564
    0.61        0.84        9.63799
    0.62        0.84        9.6406
    0.63        0.84        9.64346
    0.64        0.84        9.64659
    0.65        0.84        9.64998
    0.66        0.84        9.65364
    0.67        0.84        9.65758
    0.68        0.84        9.66179
    0.69        0.84        9.66629
    0.7        0.84        9.67107
    0.71        0.84        9.67616
    0.72        0.84        9.68154
    0.73        0.84        9.68723
    0.74        0.84        9.69324
    0.75        0.84        9.69958
    0.76        0.84        9.70624
    0.77        0.84        9.71326
    0.78        0.84        9.72062
    0.79        0.84        9.72835
    0.8        0.84        9.73646
    0.81        0.84        9.74495
    0.82        0.84        9.75385
    0.83        0.84        9.76294
    0.84        0.84        9.77224
    0.85        0.84        9.78176
    0.86        0.84        9.79152
    0.87        0.84        9.80177
    0.88        0.84        9.81252
    0.89        0.84        9.8238
    0.9        0.84        9.83563
    0.91        0.84        9.84804
    0.92        0.84        9.86104
    0.93        0.84        9.87467
    0.94        0.84        9.88895
    0.95        0.84        9.90392
    0.96        0.84        9.9196
    0.97        0.84        9.93603
    0.98        0.84        9.95324
    0.99        0.84        9.97126
    1        0.84        9.99012
    0.51        0.85        9.64292
    0.52        0.85        9.643
    0.53        0.85        9.64331
    0.54        0.85        9.64385
    0.55        0.85        9.64463
    0.56        0.85        9.64565
    0.57        0.85        9.6469
    0.58        0.85        9.6484
    0.59        0.85        9.65013
    0.6        0.85        9.6521
    0.61        0.85        9.65431
    0.62        0.85        9.65676
    0.63        0.85        9.65947
    0.64        0.85        9.66242
    0.65        0.85        9.66562
    0.66        0.85        9.66908
    0.67        0.85        9.67281
    0.68        0.85        9.67679
    0.69        0.85        9.68105
    0.7        0.85        9.68558
    0.71        0.85        9.69039
    0.72        0.85        9.69548
    0.73        0.85        9.70087
    0.74        0.85        9.70657
    0.75        0.85        9.71257
    0.76        0.85        9.71889
    0.77        0.85        9.72554
    0.78        0.85        9.73252
    0.79        0.85        9.73985
    0.8        0.85        9.74755
    0.81        0.85        9.75561
    0.82        0.85        9.76406
    0.83        0.85        9.77291
    0.84        0.85        9.78195
    0.85        0.85        9.79119
    0.86        0.85        9.80067
    0.87        0.85        9.81038
    0.88        0.85        9.82058
    0.89        0.85        9.83129
    0.9        0.85        9.84254
    0.91        0.85        9.85434
    0.92        0.85        9.86673
    0.93        0.85        9.87973
    0.94        0.85        9.89336
    0.95        0.85        9.90767
    0.96        0.85        9.92269
    0.97        0.85        9.93844
    0.98        0.85        9.95496
    0.99        0.85        9.9723
    1        0.85        9.99047
    0.51        0.86        9.66071
    0.52        0.86        9.66076
    0.53        0.86        9.66103
    0.54        0.86        9.66152
    0.55        0.86        9.66224
    0.56        0.86        9.66318
    0.57        0.86        9.66435
    0.58        0.86        9.66574
    0.59        0.86        9.66736
    0.6        0.86        9.6692
    0.61        0.86        9.67128
    0.62        0.86        9.67358
    0.63        0.86        9.67612
    0.64        0.86        9.6789
    0.65        0.86        9.68191
    0.66        0.86        9.68517
    0.67        0.86        9.68867
    0.68        0.86        9.69242
    0.69        0.86        9.69643
    0.7        0.86        9.7007
    0.71        0.86        9.70523
    0.72        0.86        9.71003
    0.73        0.86        9.71512
    0.74        0.86        9.72048
    0.75        0.86        9.72614
    0.76        0.86        9.73211
    0.77        0.86        9.73838
    0.78        0.86        9.74497
    0.79        0.86        9.7519
    0.8        0.86        9.75916
    0.81        0.86        9.76678
    0.82        0.86        9.77477
    0.83        0.86        9.78314
    0.84        0.86        9.7919
    0.85        0.86        9.80086
    0.86        0.86        9.81002
    0.87        0.86        9.8194
    0.88        0.86        9.82903
    0.89        0.86        9.83915
    0.9        0.86        9.84979
    0.91        0.86        9.86096
    0.92        0.86        9.8727
    0.93        0.86        9.88504
    0.94        0.86        9.898
    0.95        0.86        9.91163
    0.96        0.86        9.92594
    0.97        0.86        9.94098
    0.98        0.86        9.95678
    0.99        0.86        9.97339
    1        0.86        9.99084
    0.51        0.87        9.67918
    0.52        0.87        9.6792
    0.53        0.87        9.67943
    0.54        0.87        9.67987
    0.55        0.87        9.68052
    0.56        0.87        9.68139
    0.57        0.87        9.68247
    0.58        0.87        9.68376
    0.59        0.87        9.68526
    0.6        0.87        9.68698
    0.61        0.87        9.68892
    0.62        0.87        9.69107
    0.63        0.87        9.69345
    0.64        0.87        9.69604
    0.65        0.87        9.69886
    0.66        0.87        9.70191
    0.67        0.87        9.70519
    0.68        0.87        9.7087
    0.69        0.87        9.71245
    0.7        0.87        9.71645
    0.71        0.87        9.7207
    0.72        0.87        9.72521
    0.73        0.87        9.72997
    0.74        0.87        9.73501
    0.75        0.87        9.74032
    0.76        0.87        9.74591
    0.77        0.87        9.7518
    0.78        0.87        9.75799
    0.79        0.87        9.7645
    0.8        0.87        9.77132
    0.81        0.87        9.77849
    0.82        0.87        9.786
    0.83        0.87        9.79387
    0.84        0.87        9.80212
    0.85        0.87        9.81077
    0.86        0.87        9.8196
    0.87        0.87        9.82863
    0.88        0.87        9.83789
    0.89        0.87        9.84739
    0.9        0.87        9.85739
    0.91        0.87        9.86791
    0.92        0.87        9.87898
    0.93        0.87        9.89063
    0.94        0.87        9.90289
    0.95        0.87        9.91579
    0.96        0.87        9.92936
    0.97        0.87        9.94365
    0.98        0.87        9.9587
    0.99        0.87        9.97454
    1        0.87        9.99122
    0.51        0.88        9.69834
    0.52        0.88        9.69833
    0.53        0.88        9.69852
    0.54        0.88        9.69891
    0.55        0.88        9.6995
    0.56        0.88        9.70029
    0.57        0.88        9.70127
    0.58        0.88        9.70246
    0.59        0.88        9.70386
    0.6        0.88        9.70545
    0.61        0.88        9.70724
    0.62        0.88        9.70924
    0.63        0.88        9.71144
    0.64        0.88        9.71386
    0.65        0.88        9.71648
    0.66        0.88        9.71931
    0.67        0.88        9.72237
    0.68        0.88        9.72564
    0.69        0.88        9.72913
    0.7        0.88        9.73286
    0.71        0.88        9.73682
    0.72        0.88        9.74102
    0.73        0.88        9.74546
    0.74        0.88        9.75015
    0.75        0.88        9.75511
    0.76        0.88        9.76033
    0.77        0.88        9.76582
    0.78        0.88        9.7716
    0.79        0.88        9.77768
    0.8        0.88        9.78405
    0.81        0.88        9.79074
    0.82        0.88        9.79777
    0.83        0.88        9.80513
    0.84        0.88        9.81285
    0.85        0.88        9.82094
    0.86        0.88        9.82942
    0.87        0.88        9.83808
    0.88        0.88        9.84695
    0.89        0.88        9.85604
    0.9        0.88        9.86538
    0.91        0.88        9.87522
    0.92        0.88        9.88559
    0.93        0.88        9.89651
    0.94        0.88        9.90803
    0.95        0.88        9.92017
    0.96        0.88        9.93297
    0.97        0.88        9.94648
    0.98        0.88        9.96072
    0.99        0.88        9.97576
    1        0.88        9.99163
    0.51        0.89        9.71819
    0.52        0.89        9.71815
    0.53        0.89        9.7183
    0.54        0.89        9.71864
    0.55        0.89        9.71917
    0.56        0.89        9.71988
    0.57        0.89        9.72078
    0.58        0.89        9.72187
    0.59        0.89        9.72314
    0.6        0.89        9.72461
    0.61        0.89        9.72626
    0.62        0.89        9.7281
    0.63        0.89        9.73014
    0.64        0.89        9.73236
    0.65        0.89        9.73479
    0.66        0.89        9.73741
    0.67        0.89        9.74023
    0.68        0.89        9.74325
    0.69        0.89        9.74649
    0.7        0.89        9.74993
    0.71        0.89        9.7536
    0.72        0.89        9.75748
    0.73        0.89        9.7616
    0.74        0.89        9.76594
    0.75        0.89        9.77053
    0.76        0.89        9.77537
    0.77        0.89        9.78046
    0.78        0.89        9.78582
    0.79        0.89        9.79145
    0.8        0.89        9.79736
    0.81        0.89        9.80357
    0.82        0.89        9.81009
    0.83        0.89        9.81693
    0.84        0.89        9.8241
    0.85        0.89        9.83162
    0.86        0.89        9.83951
    0.87        0.89        9.84778
    0.88        0.89        9.85623
    0.89        0.89        9.86489
    0.9        0.89        9.87377
    0.91        0.89        9.8829
    0.92        0.89        9.89253
    0.93        0.89        9.9027
    0.94        0.89        9.91344
    0.95        0.89        9.92479
    0.96        0.89        9.93678
    0.97        0.89        9.94945
    0.98        0.89        9.96286
    0.99        0.89        9.97705
    1        0.89        9.99206
    0.51        0.9        9.73876
    0.52        0.9        9.73869
    0.53        0.9        9.7388
    0.54        0.9        9.73909
    0.55        0.9        9.73955
    0.56        0.9        9.74019
    0.57        0.9        9.741
    0.58        0.9        9.74199
    0.59        0.9        9.74315
    0.6        0.9        9.74448
    0.61        0.9        9.74599
    0.62        0.9        9.74767
    0.63        0.9        9.74954
    0.64        0.9        9.75157
    0.65        0.9        9.75379
    0.66        0.9        9.7562
    0.67        0.9        9.75878
    0.68        0.9        9.76156
    0.69        0.9        9.76453
    0.7        0.9        9.76769
    0.71        0.9        9.77105
    0.72        0.9        9.77462
    0.73        0.9        9.7784
    0.74        0.9        9.78239
    0.75        0.9        9.78661
    0.76        0.9        9.79105
    0.77        0.9        9.79573
    0.78        0.9        9.80066
    0.79        0.9        9.80584
    0.8        0.9        9.81128
    0.81        0.9        9.817
    0.82        0.9        9.823
    0.83        0.9        9.82929
    0.84        0.9        9.8359
    0.85        0.9        9.84284
    0.86        0.9        9.85011
    0.87        0.9        9.85775
    0.88        0.9        9.86577
    0.89        0.9        9.87396
    0.9        0.9        9.88235
    0.91        0.9        9.89097
    0.92        0.9        9.89984
    0.93        0.9        9.90922
    0.94        0.9        9.91915
    0.95        0.9        9.92966
    0.96        0.9        9.9408
    0.97        0.9        9.9526
    0.98        0.9        9.96512
    0.99        0.9        9.97841
    1        0.9        9.99251
    0.51        0.91        9.76005
    0.52        0.91        9.75995
    0.53        0.91        9.76002
    0.54        0.91        9.76026
    0.55        0.91        9.76066
    0.56        0.91        9.76122
    0.57        0.91        9.76195
    0.58        0.91        9.76283
    0.59        0.91        9.76387
    0.6        0.91        9.76508
    0.61        0.91        9.76644
    0.62        0.91        9.76797
    0.63        0.91        9.76966
    0.64        0.91        9.77151
    0.65        0.91        9.77352
    0.66        0.91        9.7757
    0.67        0.91        9.77805
    0.68        0.91        9.78057
    0.69        0.91        9.78327
    0.7        0.91        9.78614
    0.71        0.91        9.7892
    0.72        0.91        9.79245
    0.73        0.91        9.79588
    0.74        0.91        9.79952
    0.75        0.91        9.80335
    0.76        0.91        9.8074
    0.77        0.91        9.81166
    0.78        0.91        9.81615
    0.79        0.91        9.82086
    0.8        0.91        9.82582
    0.81        0.91        9.83103
    0.82        0.91        9.8365
    0.83        0.91        9.84225
    0.84        0.91        9.84828
    0.85        0.91        9.85461
    0.86        0.91        9.86126
    0.87        0.91        9.86824
    0.88        0.91        9.87558
    0.89        0.91        9.88328
    0.9        0.91        9.89116
    0.91        0.91        9.89924
    0.92        0.91        9.90754
    0.93        0.91        9.9161
    0.94        0.91        9.92517
    0.95        0.91        9.93481
    0.96        0.91        9.94505
    0.97        0.91        9.95593
    0.98        0.91        9.96751
    0.99        0.91        9.97985
    1        0.91        9.99299
    0.51        0.92        9.78207
    0.52        0.92        9.78195
    0.53        0.92        9.78198
    0.54        0.92        9.78217
    0.55        0.92        9.78251
    0.56        0.92        9.78299
    0.57        0.92        9.78363
    0.58        0.92        9.78441
    0.59        0.92        9.78534
    0.6        0.92        9.78642
    0.61        0.92        9.78764
    0.62        0.92        9.789
    0.63        0.92        9.79051
    0.64        0.92        9.79217
    0.65        0.92        9.79398
    0.66        0.92        9.79594
    0.67        0.92        9.79805
    0.68        0.92        9.80031
    0.69        0.92        9.80273
    0.7        0.92        9.80532
    0.71        0.92        9.80807
    0.72        0.92        9.81098
    0.73        0.92        9.81407
    0.74        0.92        9.81734
    0.75        0.92        9.82079
    0.76        0.92        9.82443
    0.77        0.92        9.82827
    0.78        0.92        9.8323
    0.79        0.92        9.83655
    0.8        0.92        9.84102
    0.81        0.92        9.84571
    0.82        0.92        9.85064
    0.83        0.92        9.85582
    0.84        0.92        9.86126
    0.85        0.92        9.86697
    0.86        0.92        9.87297
    0.87        0.92        9.87928
    0.88        0.92        9.88591
    0.89        0.92        9.89288
    0.9        0.92        9.90022
    0.91        0.92        9.90773
    0.92        0.92        9.91543
    0.93        0.92        9.92335
    0.94        0.92        9.93154
    0.95        0.92        9.94026
    0.96        0.92        9.94955
    0.97        0.92        9.95946
    0.98        0.92        9.97005
    0.99        0.92        9.98138
    1        0.92        9.9935
    0.51        0.93        9.80484
    0.52        0.93        9.80469
    0.53        0.93        9.80469
    0.54        0.93        9.80482
    0.55        0.93        9.8051
    0.56        0.93        9.80552
    0.57        0.93        9.80607
    0.58        0.93        9.80675
    0.59        0.93        9.80757
    0.6        0.93        9.80851
    0.61        0.93        9.80958
    0.62        0.93        9.81079
    0.63        0.93        9.81212
    0.64        0.93        9.81359
    0.65        0.93        9.81519
    0.66        0.93        9.81692
    0.67        0.93        9.81879
    0.68        0.93        9.82079
    0.69        0.93        9.82294
    0.7        0.93        9.82523
    0.71        0.93        9.82766
    0.72        0.93        9.83024
    0.73        0.93        9.83298
    0.74        0.93        9.83588
    0.75        0.93        9.83894
    0.76        0.93        9.84217
    0.77        0.93        9.84557
    0.78        0.93        9.84915
    0.79        0.93        9.85292
    0.8        0.93        9.85688
    0.81        0.93        9.86105
    0.82        0.93        9.86543
    0.83        0.93        9.87003
    0.84        0.93        9.87486
    0.85        0.93        9.87994
    0.86        0.93        9.88528
    0.87        0.93        9.8909
    0.88        0.93        9.8968
    0.89        0.93        9.90302
    0.9        0.93        9.90957
    0.91        0.93        9.91648
    0.92        0.93        9.92354
    0.93        0.93        9.9308
    0.94        0.93        9.93828
    0.95        0.93        9.94604
    0.96        0.93        9.95433
    0.97        0.93        9.96321
    0.98        0.93        9.97275
    0.99        0.93        9.98301
    1        0.93        9.99405
    0.51        0.94        9.82836
    0.52        0.94        9.82819
    0.53        0.94        9.82815
    0.54        0.94        9.82824
    0.55        0.94        9.82846
    0.56        0.94        9.82881
    0.57        0.94        9.82927
    0.58        0.94        9.82986
    0.59        0.94        9.83056
    0.6        0.94        9.83137
    0.61        0.94        9.8323
    0.62        0.94        9.83335
    0.63        0.94        9.8345
    0.64        0.94        9.83578
    0.65        0.94        9.83716
    0.66        0.94        9.83867
    0.67        0.94        9.84029
    0.68        0.94        9.84203
    0.69        0.94        9.8439
    0.7        0.94        9.84589
    0.71        0.94        9.84801
    0.72        0.94        9.85025
    0.73        0.94        9.85264
    0.74        0.94        9.85516
    0.75        0.94        9.85782
    0.76        0.94        9.86063
    0.77        0.94        9.86359
    0.78        0.94        9.86671
    0.79        0.94        9.86999
    0.8        0.94        9.87344
    0.81        0.94        9.87707
    0.82        0.94        9.88089
    0.83        0.94        9.8849
    0.84        0.94        9.88912
    0.85        0.94        9.89355
    0.86        0.94        9.89821
    0.87        0.94        9.90312
    0.88        0.94        9.90828
    0.89        0.94        9.91372
    0.9        0.94        9.91946
    0.91        0.94        9.92551
    0.92        0.94        9.93191
    0.93        0.94        9.93847
    0.94        0.94        9.94521
    0.95        0.94        9.95217
    0.96        0.94        9.95942
    0.97        0.94        9.96722
    0.98        0.94        9.97564
    0.99        0.94        9.98475
    1        0.94        9.99463
    0.51        0.95        9.85264
    0.52        0.95        9.85245
    0.53        0.95        9.85238
    0.54        0.95        9.85243
    0.55        0.95        9.8526
    0.56        0.95        9.85287
    0.57        0.95        9.85326
    0.58        0.95        9.85375
    0.59        0.95        9.85433
    0.6        0.95        9.85502
    0.61        0.95        9.85581
    0.62        0.95        9.85669
    0.63        0.95        9.85767
    0.64        0.95        9.85875
    0.65        0.95        9.85992
    0.66        0.95        9.8612
    0.67        0.95        9.86257
    0.68        0.95        9.86405
    0.69        0.95        9.86564
    0.7        0.95        9.86732
    0.71        0.95        9.86912
    0.72        0.95        9.87103
    0.73        0.95        9.87305
    0.74        0.95        9.87519
    0.75        0.95        9.87745
    0.76        0.95        9.87984
    0.77        0.95        9.88235
    0.78        0.95        9.885
    0.79        0.95        9.88779
    0.8        0.95        9.89073
    0.81        0.95        9.89381
    0.82        0.95        9.89706
    0.83        0.95        9.90047
    0.84        0.95        9.90406
    0.85        0.95        9.90783
    0.86        0.95        9.91181
    0.87        0.95        9.91598
    0.88        0.95        9.92039
    0.89        0.95        9.92503
    0.9        0.95        9.92993
    0.91        0.95        9.9351
    0.92        0.95        9.94058
    0.93        0.95        9.9464
    0.94        0.95        9.95235
    0.95        0.95        9.95848
    0.96        0.95        9.96485
    0.97        0.95        9.9715
    0.98        0.95        9.97873
    0.99        0.95        9.98662
    1        0.95        9.99526
    0.51        0.96        9.87769
    0.52        0.96        9.87748
    0.53        0.96        9.87739
    0.54        0.96        9.8774
    0.55        0.96        9.87752
    0.56        0.96        9.87774
    0.57        0.96        9.87804
    0.58        0.96        9.87844
    0.59        0.96        9.87891
    0.6        0.96        9.87947
    0.61        0.96        9.88011
    0.62        0.96        9.88083
    0.63        0.96        9.88164
    0.64        0.96        9.88252
    0.65        0.96        9.88348
    0.66        0.96        9.88453
    0.67        0.96        9.88566
    0.68        0.96        9.88687
    0.69        0.96        9.88817
    0.7        0.96        9.88955
    0.71        0.96        9.89102
    0.72        0.96        9.89259
    0.73        0.96        9.89425
    0.74        0.96        9.896
    0.75        0.96        9.89786
    0.76        0.96        9.89982
    0.77        0.96        9.90188
    0.78        0.96        9.90406
    0.79        0.96        9.90635
    0.8        0.96        9.90876
    0.81        0.96        9.91129
    0.82        0.96        9.91396
    0.83        0.96        9.91677
    0.84        0.96        9.91972
    0.85        0.96        9.92282
    0.86        0.96        9.92609
    0.87        0.96        9.92953
    0.88        0.96        9.93315
    0.89        0.96        9.93698
    0.9        0.96        9.94102
    0.91        0.96        9.94529
    0.92        0.96        9.94982
    0.93        0.96        9.95464
    0.94        0.96        9.95976
    0.95        0.96        9.96502
    0.96        0.96        9.97044
    0.97        0.96        9.9761
    0.98        0.96        9.98206
    0.99        0.96        9.98864
    1        0.96        9.99593
    0.51        0.97        9.90352
    0.52        0.97        9.9033
    0.53        0.97        9.90318
    0.54        0.97        9.90317
    0.55        0.97        9.90325
    0.56        0.97        9.90341
    0.57        0.97        9.90364
    0.58        0.97        9.90394
    0.59        0.97        9.90431
    0.6        0.97        9.90474
    0.61        0.97        9.90524
    0.62        0.97        9.9058
    0.63        0.97        9.90642
    0.64        0.97        9.90711
    0.65        0.97        9.90786
    0.66        0.97        9.90867
    0.67        0.97        9.90955
    0.68        0.97        9.9105
    0.69        0.97        9.91151
    0.7        0.97        9.91259
    0.71        0.97        9.91374
    0.72        0.97        9.91496
    0.73        0.97        9.91625
    0.74        0.97        9.91762
    0.75        0.97        9.91906
    0.76        0.97        9.92059
    0.77        0.97        9.9222
    0.78        0.97        9.9239
    0.79        0.97        9.92569
    0.8        0.97        9.92757
    0.81        0.97        9.92954
    0.82        0.97        9.93163
    0.83        0.97        9.93382
    0.84        0.97        9.93612
    0.85        0.97        9.93854
    0.86        0.97        9.9411
    0.87        0.97        9.94378
    0.88        0.97        9.94662
    0.89        0.97        9.94961
    0.9        0.97        9.95278
    0.91        0.97        9.95613
    0.92        0.97        9.95968
    0.93        0.97        9.96346
    0.94        0.97        9.9675
    0.95        0.97        9.97182
    0.96        0.97        9.97626
    0.97        0.97        9.98085
    0.98        0.97        9.98568
    0.99        0.97        9.99084
    1        0.97        9.99667
    0.51        0.98        9.93012
    0.52        0.98        9.9299
    0.53        0.98        9.92978
    0.54        0.98        9.92976
    0.55        0.98        9.9298
    0.56        0.98        9.9299
    0.57        0.98        9.93007
    0.58        0.98        9.93028
    0.59        0.98        9.93054
    0.6        0.98        9.93085
    0.61        0.98        9.9312
    0.62        0.98        9.9316
    0.63        0.98        9.93205
    0.64        0.98        9.93254
    0.65        0.98        9.93307
    0.66        0.98        9.93366
    0.67        0.98        9.93429
    0.68        0.98        9.93496
    0.69        0.98        9.93568
    0.7        0.98        9.93646
    0.71        0.98        9.93728
    0.72        0.98        9.93815
    0.73        0.98        9.93908
    0.74        0.98        9.94005
    0.75        0.98        9.94109
    0.76        0.98        9.94218
    0.77        0.98        9.94333
    0.78        0.98        9.94455
    0.79        0.98        9.94583
    0.8        0.98        9.94717
    0.81        0.98        9.94859
    0.82        0.98        9.95008
    0.83        0.98        9.95165
    0.84        0.98        9.9533
    0.85        0.98        9.95504
    0.86        0.98        9.95687
    0.87        0.98        9.95879
    0.88        0.98        9.96083
    0.89        0.98        9.96298
    0.9        0.98        9.96525
    0.91        0.98        9.96765
    0.92        0.98        9.97021
    0.93        0.98        9.97293
    0.94        0.98        9.97585
    0.95        0.98        9.97897
    0.96        0.98        9.98235
    0.97        0.98        9.98581
    0.98        0.98        9.98942
    0.99        0.98        9.99327
    1        0.98        9.9975
    0.51        0.99        9.95749
    0.52        0.99        9.95729
    0.53        0.99        9.95719
    0.54        0.99        9.95717
    0.55        0.99        9.95719
    0.56        0.99        9.95725
    0.57        0.99        9.95734
    0.58        0.99        9.95747
    0.59        0.99        9.95762
    0.6        0.99        9.95781
    0.61        0.99        9.95802
    0.62        0.99        9.95826
    0.63        0.99        9.95853
    0.64        0.99        9.95882
    0.65        0.99        9.95914
    0.66        0.99        9.95949
    0.67        0.99        9.95987
    0.68        0.99        9.96028
    0.69        0.99        9.96071
    0.7        0.99        9.96117
    0.71        0.99        9.96167
    0.72        0.99        9.96219
    0.73        0.99        9.96275
    0.74        0.99        9.96334
    0.75        0.99        9.96396
    0.76        0.99        9.96461
    0.77        0.99        9.96531
    0.78        0.99        9.96604
    0.79        0.99        9.9668
    0.8        0.99        9.96761
    0.81        0.99        9.96846
    0.82        0.99        9.96936
    0.83        0.99        9.9703
    0.84        0.99        9.9713
    0.85        0.99        9.97234
    0.86        0.99        9.97344
    0.87        0.99        9.9746
    0.88        0.99        9.97582
    0.89        0.99        9.97712
    0.9        0.99        9.97848
    0.91        0.99        9.97993
    0.92        0.99        9.98147
    0.93        0.99        9.98312
    0.94        0.99        9.98488
    0.95        0.99        9.98677
    0.96        0.99        9.98883
    0.97        0.99        9.99108
    0.98        0.99        9.99336
    0.99        0.99        9.99578
    1        0.99        9.99845
    0.51        1        9.98557
    0.52        1        9.98548
    0.53        1        9.98544
    0.54        1        9.98543
    0.55        1        9.98543
    0.56        1        9.98545
    0.57        1        9.98548
    0.58        1        9.98553
    0.59        1        9.98558
    0.6        1        9.98564
    0.61        1        9.98571
    0.62        1        9.98579
    0.63        1        9.98588
    0.64        1        9.98598
    0.65        1        9.98608
    0.66        1        9.9862
    0.67        1        9.98633
    0.68        1        9.98646
    0.69        1        9.98661
    0.7        1        9.98676
    0.71        1        9.98693
    0.72        1        9.9871
    0.73        1        9.98729
    0.74        1        9.98748
    0.75        1        9.98769
    0.76        1        9.98791
    0.77        1        9.98814
    0.78        1        9.98838
    0.79        1        9.98864
    0.8        1        9.98891
    0.81        1        9.98919
    0.82        1        9.98949
    0.83        1        9.98981
    0.84        1        9.99014
    0.85        1        9.99049
    0.86        1        9.99085
    0.87        1        9.99124
    0.88        1        9.99165
    0.89        1        9.99208
    0.9        1        9.99254
    0.91        1        9.99302
    0.92        1        9.99354
    0.93        1        9.99409
    0.94        1        9.99467
    0.95        1        9.99531
    0.96        1        9.996
    0.97        1        9.99676
    0.98        1        9.99763
    0.99        1        9.99847
    1        1        9.99941
